101 0.0158096
101.012 0.0158243
101.023 0.015839
101.035 0.0158537
101.046 0.0158684
101.058 0.0158832
101.07 0.0158979
101.081 0.0159127
101.093 0.0159275
101.104 0.0159424
101.116 0.0159572
101.128 0.0159721
101.139 0.015987
101.151 0.0160019
101.162 0.0160169
101.174 0.0160318
101.186 0.0160468
101.197 0.0160618
101.209 0.0160768
101.22 0.0160919
101.232 0.016107
101.244 0.016122
101.255 0.0161372
101.267 0.0161523
101.278 0.0161674
101.29 0.0161826
101.302 0.0161978
101.313 0.016213
101.325 0.0162283
101.336 0.0162435
101.348 0.0162588
101.36 0.0162741
101.371 0.0162894
101.383 0.0163048
101.394 0.0163201
101.406 0.0163355
101.418 0.0163509
101.429 0.0163664
101.441 0.0163818
101.452 0.0163973
101.464 0.0164128
101.476 0.0164283
101.487 0.0164439
101.499 0.0164594
101.51 0.016475
101.522 0.0164906
101.534 0.0165062
101.545 0.0165219
101.557 0.0165376
101.568 0.0165533
101.58 0.016569
101.592 0.0165847
101.603 0.0166005
101.615 0.0166163
101.626 0.0166321
101.638 0.0166479
101.65 0.0166638
101.661 0.0166796
101.673 0.0166955
101.684 0.0167115
101.696 0.0167274
101.708 0.0167434
101.719 0.0167594
101.731 0.0167754
101.742 0.0167914
101.754 0.0168075
101.766 0.0168236
101.777 0.0168397
101.789 0.0168558
101.8 0.0168719
101.812 0.0168881
101.824 0.0169043
101.835 0.0169205
101.847 0.0169368
101.858 0.0169531
101.87 0.0169694
101.882 0.0169857
101.893 0.017002
101.905 0.0170184
101.916 0.0170348
101.928 0.0170512
101.94 0.0170676
101.951 0.0170841
101.963 0.0171005
101.974 0.017117
101.986 0.0171336
101.998 0.0171501
102.009 0.0171667
102.021 0.0171833
102.032 0.0171999
102.044 0.0172166
102.056 0.0172332
102.067 0.0172499
102.079 0.0172667
102.09 0.0172834
102.102 0.0173002
102.114 0.017317
102.125 0.0173338
102.137 0.0173506
102.148 0.0173675
102.16 0.0173844
102.172 0.0174013
102.183 0.0174183
102.195 0.0174352
102.206 0.0174522
102.218 0.0174692
102.23 0.0174863
102.241 0.0175033
102.253 0.0175204
102.264 0.0175375
102.276 0.0175547
102.288 0.0175719
102.299 0.017589
102.311 0.0176063
102.322 0.0176235
102.334 0.0176408
102.346 0.0176581
102.357 0.0176754
102.369 0.0176927
102.38 0.0177101
102.392 0.0177275
102.404 0.0177449
102.415 0.0177624
102.427 0.0177798
102.438 0.0177973
102.45 0.0178149
102.462 0.0178324
102.473 0.01785
102.485 0.0178676
102.496 0.0178852
102.508 0.0179029
102.52 0.0179205
102.531 0.0179382
102.543 0.017956
102.554 0.0179737
102.566 0.0179915
102.578 0.0180093
102.589 0.0180272
102.601 0.018045
102.612 0.0180629
102.624 0.0180808
102.636 0.0180988
102.647 0.0181167
102.659 0.0181347
102.67 0.0181528
102.682 0.0181708
102.694 0.0181889
102.705 0.018207
102.717 0.0182251
102.728 0.0182433
102.74 0.0182615
102.752 0.0182797
102.763 0.0182979
102.775 0.0183162
102.786 0.0183345
102.798 0.0183528
102.81 0.0183712
102.821 0.0183895
102.833 0.018408
102.844 0.0184264
102.856 0.0184448
102.868 0.0184633
102.879 0.0184818
102.891 0.0185004
102.902 0.018519
102.914 0.0185376
102.926 0.0185562
102.937 0.0185748
102.949 0.0185935
102.96 0.0186122
102.972 0.018631
102.984 0.0186497
102.995 0.0186685
103.007 0.0186874
103.018 0.0187062
103.03 0.0187251
103.042 0.018744
103.053 0.018763
103.065 0.0187819
103.076 0.0188009
103.088 0.0188199
103.1 0.018839
103.111 0.0188581
103.123 0.0188772
103.134 0.0188963
103.146 0.0189155
103.158 0.0189347
103.169 0.0189539
103.181 0.0189732
103.192 0.0189925
103.204 0.0190118
103.216 0.0190311
103.227 0.0190505
103.239 0.0190699
103.25 0.0190894
103.262 0.0191088
103.274 0.0191283
103.285 0.0191479
103.297 0.0191674
103.308 0.019187
103.32 0.0192066
103.332 0.0192262
103.343 0.0192459
103.355 0.0192656
103.366 0.0192854
103.378 0.0193051
103.39 0.0193249
103.401 0.0193448
103.413 0.0193646
103.424 0.0193845
103.436 0.0194044
103.448 0.0194244
103.459 0.0194443
103.471 0.0194644
103.482 0.0194844
103.494 0.0195045
103.506 0.0195246
103.517 0.0195447
103.529 0.0195649
103.54 0.0195851
103.552 0.0196053
103.564 0.0196255
103.575 0.0196458
103.587 0.0196662
103.598 0.0196865
103.61 0.0197069
103.622 0.0197273
103.633 0.0197478
103.645 0.0197682
103.656 0.0197888
103.668 0.0198093
103.68 0.0198299
103.691 0.0198505
103.703 0.0198711
103.714 0.0198918
103.726 0.0199125
103.738 0.0199332
103.749 0.019954
103.761 0.0199748
103.772 0.0199956
103.784 0.0200165
103.796 0.0200374
103.807 0.0200583
103.819 0.0200793
103.83 0.0201003
103.842 0.0201213
103.854 0.0201424
103.865 0.0201635
103.877 0.0201846
103.888 0.0202058
103.9 0.020227
103.912 0.0202482
103.923 0.0202695
103.935 0.0202908
103.946 0.0203121
103.958 0.0203335
103.97 0.0203549
103.981 0.0203763
103.993 0.0203978
104.004 0.0204193
104.016 0.0204408
104.028 0.0204624
104.039 0.020484
104.051 0.0205056
104.062 0.0205273
104.074 0.020549
104.086 0.0205707
104.097 0.0205925
104.109 0.0206143
104.12 0.0206361
104.132 0.020658
104.144 0.0206799
104.155 0.0207019
104.167 0.0207239
104.178 0.0207459
104.19 0.0207679
104.202 0.02079
104.213 0.0208121
104.225 0.0208343
104.236 0.0208565
104.248 0.0208787
104.26 0.020901
104.271 0.0209233
104.283 0.0209456
104.294 0.020968
104.306 0.0209904
104.318 0.0210128
104.329 0.0210353
104.341 0.0210578
104.352 0.0210804
104.364 0.021103
104.376 0.0211256
104.387 0.0211482
104.399 0.0211709
104.41 0.0211937
104.422 0.0212164
104.434 0.0212392
104.445 0.0212621
104.457 0.021285
104.468 0.0213079
104.48 0.0213308
104.492 0.0213538
104.503 0.0213768
104.515 0.0213999
104.526 0.021423
104.538 0.0214462
104.55 0.0214693
104.561 0.0214925
104.573 0.0215158
104.584 0.0215391
104.596 0.0215624
104.608 0.0215858
104.619 0.0216092
104.631 0.0216326
104.642 0.0216561
104.654 0.0216796
104.666 0.0217032
104.677 0.0217268
104.689 0.0217504
104.7 0.0217741
104.712 0.0217978
104.724 0.0218215
104.735 0.0218453
104.747 0.0218692
104.758 0.021893
104.77 0.0219169
104.782 0.0219409
104.793 0.0219648
104.805 0.0219889
104.816 0.0220129
104.828 0.022037
104.84 0.0220612
104.851 0.0220854
104.863 0.0221096
104.874 0.0221338
104.886 0.0221581
104.898 0.0221825
104.909 0.0222069
104.921 0.0222313
104.932 0.0222557
104.944 0.0222802
104.956 0.0223048
104.967 0.0223294
104.979 0.022354
104.99 0.0223786
105.002 0.0224033
105.014 0.0224281
105.025 0.0224529
105.037 0.0224777
105.048 0.0225026
105.06 0.0225275
105.072 0.0225524
105.083 0.0225774
105.095 0.0226025
105.106 0.0226275
105.118 0.0226527
105.13 0.0226778
105.141 0.022703
105.153 0.0227283
105.164 0.0227535
105.176 0.0227789
105.188 0.0228042
105.199 0.0228296
105.211 0.0228551
105.222 0.0228806
105.234 0.0229061
105.246 0.0229317
105.257 0.0229573
105.269 0.022983
105.28 0.0230087
105.292 0.0230345
105.304 0.0230603
105.315 0.0230861
105.327 0.023112
105.338 0.0231379
105.35 0.0231639
105.362 0.0231899
105.373 0.023216
105.385 0.0232421
105.396 0.0232682
105.408 0.0232944
105.42 0.0233206
105.431 0.0233469
105.443 0.0233732
105.454 0.0233996
105.466 0.023426
105.478 0.0234525
105.489 0.023479
105.501 0.0235055
105.512 0.0235321
105.524 0.0235588
105.536 0.0235854
105.547 0.0236122
105.559 0.0236389
105.57 0.0236658
105.582 0.0236926
105.594 0.0237195
105.605 0.0237465
105.617 0.0237735
105.628 0.0238005
105.64 0.0238276
105.652 0.0238548
105.663 0.023882
105.675 0.0239092
105.686 0.0239365
105.698 0.0239638
105.71 0.0239912
105.721 0.0240186
105.733 0.0240461
105.744 0.0240736
105.756 0.0241011
105.768 0.0241287
105.779 0.0241564
105.791 0.0241841
105.802 0.0242119
105.814 0.0242397
105.826 0.0242675
105.837 0.0242954
105.849 0.0243233
105.86 0.0243513
105.872 0.0243794
105.884 0.0244075
105.895 0.0244356
105.907 0.0244638
105.918 0.024492
105.93 0.0245203
105.942 0.0245486
105.953 0.024577
105.965 0.0246054
105.976 0.0246339
105.988 0.0246624
106 0.024691
106.011 0.0247197
106.023 0.0247483
106.034 0.0247771
106.046 0.0248058
106.058 0.0248347
106.069 0.0248635
106.081 0.0248925
106.092 0.0249214
106.104 0.0249505
106.116 0.0249796
106.127 0.0250087
106.139 0.0250379
106.15 0.0250671
106.162 0.0250964
106.174 0.0251257
106.185 0.0251551
106.197 0.0251845
106.208 0.025214
106.22 0.0252436
106.232 0.0252732
106.243 0.0253028
106.255 0.0253325
106.266 0.0253623
106.278 0.0253921
106.29 0.0254219
106.301 0.0254518
106.313 0.0254818
106.324 0.0255118
106.336 0.0255419
106.348 0.025572
106.359 0.0256022
106.371 0.0256324
106.382 0.0256627
106.394 0.025693
106.406 0.0257234
106.417 0.0257538
106.429 0.0257843
106.44 0.0258149
106.452 0.0258455
106.464 0.0258761
106.475 0.0259068
106.487 0.0259376
106.498 0.0259684
106.51 0.0259993
106.522 0.0260302
106.533 0.0260612
106.545 0.0260923
106.556 0.0261234
106.568 0.0261545
106.58 0.0261857
106.591 0.026217
106.603 0.0262483
106.614 0.0262797
106.626 0.0263111
106.638 0.0263426
106.649 0.0263742
106.661 0.0264058
106.672 0.0264374
106.684 0.0264691
106.696 0.0265009
106.707 0.0265327
106.719 0.0265646
106.73 0.0265966
106.742 0.0266286
106.754 0.0266606
106.765 0.0266927
106.777 0.0267249
106.788 0.0267572
106.8 0.0267894
106.812 0.0268218
106.823 0.0268542
106.835 0.0268867
106.846 0.0269192
106.858 0.0269518
106.87 0.0269844
106.881 0.0270171
106.893 0.0270499
106.904 0.0270827
106.916 0.0271156
106.928 0.0271486
106.939 0.0271816
106.951 0.0272146
106.962 0.0272477
106.974 0.0272809
106.986 0.0273142
106.997 0.0273475
107.009 0.0273808
107.02 0.0274143
107.032 0.0274478
107.044 0.0274813
107.055 0.0275149
107.067 0.0275486
107.078 0.0275823
107.09 0.0276161
107.102 0.02765
107.113 0.0276839
107.125 0.0277179
107.136 0.0277519
107.148 0.027786
107.16 0.0278202
107.171 0.0278545
107.183 0.0278888
107.194 0.0279231
107.206 0.0279575
107.218 0.027992
107.229 0.0280266
107.241 0.0280612
107.252 0.0280959
107.264 0.0281306
107.276 0.0281654
107.287 0.0282003
107.299 0.0282352
107.31 0.0282702
107.322 0.0283053
107.334 0.0283404
107.345 0.0283756
107.357 0.0284109
107.368 0.0284462
107.38 0.0284816
107.392 0.0285171
107.403 0.0285526
107.415 0.0285882
107.426 0.0286239
107.438 0.0286596
107.45 0.0286954
107.461 0.0287313
107.473 0.0287672
107.484 0.0288032
107.496 0.0288393
107.508 0.0288754
107.519 0.0289116
107.531 0.0289478
107.542 0.0289842
107.554 0.0290206
107.566 0.0290571
107.577 0.0290936
107.589 0.0291302
107.6 0.0291669
107.612 0.0292036
107.624 0.0292405
107.635 0.0292773
107.647 0.0293143
107.658 0.0293513
107.67 0.0293884
107.682 0.0294256
107.693 0.0294628
107.705 0.0295001
107.716 0.0295375
107.728 0.029575
107.74 0.0296125
107.751 0.0296501
107.763 0.0296878
107.774 0.0297255
107.786 0.0297633
107.798 0.0298012
107.809 0.0298391
107.821 0.0298772
107.832 0.0299153
107.844 0.0299534
107.856 0.0299917
107.867 0.03003
107.879 0.0300684
107.89 0.0301068
107.902 0.0301454
107.914 0.030184
107.925 0.0302227
107.937 0.0302614
107.948 0.0303003
107.96 0.0303392
107.972 0.0303782
107.983 0.0304172
107.995 0.0304564
108.006 0.0304956
108.018 0.0305349
108.03 0.0305742
108.041 0.0306136
108.053 0.0306532
108.064 0.0306928
108.076 0.0307324
108.088 0.0307722
108.099 0.030812
108.111 0.0308519
108.122 0.0308919
108.134 0.0309319
108.146 0.030972
108.157 0.0310123
108.169 0.0310525
108.18 0.0310929
108.192 0.0311334
108.204 0.0311739
108.215 0.0312145
108.227 0.0312552
108.238 0.0312959
108.25 0.0313368
108.262 0.0313777
108.273 0.0314187
108.285 0.0314598
108.296 0.0315009
108.308 0.0315422
108.32 0.0315835
108.331 0.0316249
108.343 0.0316664
108.354 0.031708
108.366 0.0317496
108.378 0.0317913
108.389 0.0318332
108.401 0.031875
108.412 0.031917
108.424 0.0319591
108.436 0.0320012
108.447 0.0320435
108.459 0.0320858
108.47 0.0321282
108.482 0.0321706
108.494 0.0322132
108.505 0.0322559
108.517 0.0322986
108.528 0.0323414
108.54 0.0323843
108.552 0.0324273
108.563 0.0324704
108.575 0.0325135
108.586 0.0325568
108.598 0.0326001
108.61 0.0326435
108.621 0.032687
108.633 0.0327306
108.644 0.0327743
108.656 0.0328181
108.668 0.0328619
108.679 0.0329059
108.691 0.0329499
108.702 0.032994
108.714 0.0330382
108.726 0.0330825
108.737 0.0331269
108.749 0.0331714
108.76 0.0332159
108.772 0.0332606
108.784 0.0333053
108.795 0.0333502
108.807 0.0333951
108.818 0.0334401
108.83 0.0334852
108.842 0.0335304
108.853 0.0335757
108.865 0.0336211
108.876 0.0336666
108.888 0.0337121
108.9 0.0337578
108.911 0.0338035
108.923 0.0338494
108.934 0.0338953
108.946 0.0339413
108.958 0.0339875
108.969 0.0340337
108.981 0.03408
108.992 0.0341264
109.004 0.0341729
109.016 0.0342195
109.027 0.0342662
109.039 0.034313
109.05 0.0343598
109.062 0.0344068
109.074 0.0344539
109.085 0.0345011
109.097 0.0345483
109.108 0.0345957
109.12 0.0346432
109.132 0.0346907
109.143 0.0347384
109.155 0.0347861
109.166 0.034834
109.178 0.0348819
109.19 0.03493
109.201 0.0349781
109.213 0.0350264
109.224 0.0350747
109.236 0.0351232
109.248 0.0351717
109.259 0.0352204
109.271 0.0352691
109.282 0.035318
109.294 0.0353669
109.306 0.035416
109.317 0.0354652
109.329 0.0355144
109.34 0.0355638
109.352 0.0356132
109.364 0.0356628
109.375 0.0357125
109.387 0.0357623
109.398 0.0358121
109.41 0.0358621
109.422 0.0359122
109.433 0.0359624
109.445 0.0360127
109.456 0.0360631
109.468 0.0361136
109.48 0.0361642
109.491 0.036215
109.503 0.0362658
109.514 0.0363167
109.526 0.0363678
109.538 0.0364189
109.549 0.0364702
109.561 0.0365215
109.572 0.036573
109.584 0.0366246
109.596 0.0366763
109.607 0.0367281
109.619 0.03678
109.63 0.036832
109.642 0.0368842
109.654 0.0369364
109.665 0.0369888
109.677 0.0370412
109.688 0.0370938
109.7 0.0371465
109.712 0.0371993
109.723 0.0372522
109.735 0.0373052
109.746 0.0373584
109.758 0.0374116
109.77 0.037465
109.781 0.0375185
109.793 0.0375721
109.804 0.0376258
109.816 0.0376796
109.828 0.0377335
109.839 0.0377876
109.851 0.0378418
109.862 0.0378961
109.874 0.0379505
109.886 0.038005
109.897 0.0380596
109.909 0.0381144
109.92 0.0381693
109.932 0.0382243
109.944 0.0382794
109.955 0.0383346
109.967 0.03839
109.978 0.0384454
109.99 0.038501
110.002 0.0385567
110.013 0.0386126
110.025 0.0386685
110.036 0.0387246
110.048 0.0387808
110.06 0.0388371
110.071 0.0388936
110.083 0.0389501
110.094 0.0390068
110.106 0.0390636
110.118 0.0391206
110.129 0.0391776
110.141 0.0392348
110.152 0.0392921
110.164 0.0393495
110.176 0.0394071
110.187 0.0394648
110.199 0.0395226
110.21 0.0395806
110.222 0.0396386
110.234 0.0396968
110.245 0.0397551
110.257 0.0398136
110.268 0.0398722
110.28 0.0399309
110.292 0.0399897
110.303 0.0400487
110.315 0.0401078
110.326 0.040167
110.338 0.0402264
110.35 0.0402859
110.361 0.0403455
110.373 0.0404053
110.384 0.0404652
110.396 0.0405252
110.408 0.0405853
110.419 0.0406456
110.431 0.0407061
110.442 0.0407666
110.454 0.0408273
110.466 0.0408882
110.477 0.0409491
110.489 0.0410102
110.5 0.0410715
110.512 0.0411328
110.524 0.0411944
110.535 0.041256
110.547 0.0413178
110.558 0.0413797
110.57 0.0414418
110.582 0.041504
110.593 0.0415663
110.605 0.0416288
110.616 0.0416915
110.628 0.0417542
110.64 0.0418171
110.651 0.0418802
110.663 0.0419434
110.674 0.0420067
110.686 0.0420702
110.698 0.0421338
110.709 0.0421976
110.721 0.0422615
110.732 0.0423256
110.744 0.0423898
110.756 0.0424541
110.767 0.0425186
110.779 0.0425833
110.79 0.0426481
110.802 0.042713
110.814 0.0427781
110.825 0.0428433
110.837 0.0429087
110.848 0.0429743
110.86 0.04304
110.872 0.0431058
110.883 0.0431718
110.895 0.0432379
110.906 0.0433042
110.918 0.0433707
110.93 0.0434372
110.941 0.043504
110.953 0.0435709
110.964 0.043638
110.976 0.0437052
110.988 0.0437725
110.999 0.0438401
111.011 0.0439077
111.022 0.0439756
111.034 0.0440436
111.046 0.0441117
111.057 0.04418
111.069 0.0442485
111.08 0.0443171
111.092 0.0443859
111.104 0.0444548
111.115 0.0445239
111.127 0.0445932
111.138 0.0446626
111.15 0.0447322
111.162 0.044802
111.173 0.0448719
111.185 0.044942
111.196 0.0450122
111.208 0.0450826
111.22 0.0451532
111.231 0.0452239
111.243 0.0452948
111.254 0.0453659
111.266 0.0454371
111.278 0.0455085
111.289 0.0455801
111.301 0.0456519
111.312 0.0457238
111.324 0.0457959
111.336 0.0458681
111.347 0.0459405
111.359 0.0460131
111.37 0.0460859
111.382 0.0461588
111.394 0.0462319
111.405 0.0463052
111.417 0.0463787
111.428 0.0464523
111.44 0.0465261
111.452 0.0466001
111.463 0.0466743
111.475 0.0467486
111.486 0.0468231
111.498 0.0468978
111.51 0.0469727
111.521 0.0470477
111.533 0.047123
111.544 0.0471984
111.556 0.047274
111.568 0.0473497
111.579 0.0474257
111.591 0.0475018
111.602 0.0475781
111.614 0.0476547
111.626 0.0477313
111.637 0.0478082
111.649 0.0478853
111.66 0.0479625
111.672 0.04804
111.684 0.0481176
111.695 0.0481954
111.707 0.0482734
111.718 0.0483516
111.73 0.0484299
111.742 0.0485085
111.753 0.0485873
111.765 0.0486662
111.776 0.0487453
111.788 0.0488247
111.8 0.0489042
111.811 0.0489839
111.823 0.0490638
111.834 0.0491439
111.846 0.0492243
111.858 0.0493048
111.869 0.0493855
111.881 0.0494664
111.892 0.0495474
111.904 0.0496287
111.916 0.0497102
111.927 0.0497919
111.939 0.0498738
111.95 0.0499559
111.962 0.0500382
111.974 0.0501207
111.985 0.0502034
111.997 0.0502864
112.008 0.0503695
112.02 0.0504528
112.032 0.0505363
112.043 0.0506201
112.055 0.050704
112.066 0.0507882
112.078 0.0508725
112.09 0.0509571
112.101 0.0510419
112.113 0.0511269
112.124 0.0512121
112.136 0.0512975
112.148 0.0513832
112.159 0.051469
112.171 0.0515551
112.182 0.0516414
112.194 0.0517278
112.206 0.0518146
112.217 0.0519015
112.229 0.0519886
112.24 0.052076
112.252 0.0521636
112.264 0.0522514
112.275 0.0523394
112.287 0.0524277
112.298 0.0525162
112.31 0.0526049
112.322 0.0526938
112.333 0.0527829
112.345 0.0528723
112.356 0.0529619
112.368 0.0530517
112.38 0.0531418
112.391 0.0532321
112.403 0.0533226
112.414 0.0534133
112.426 0.0535043
112.438 0.0535955
112.449 0.053687
112.461 0.0537787
112.472 0.0538706
112.484 0.0539627
112.496 0.0540551
112.507 0.0541477
112.519 0.0542406
112.53 0.0543337
112.542 0.054427
112.554 0.0545206
112.565 0.0546144
112.577 0.0547085
112.588 0.0548028
112.6 0.0548973
112.612 0.0549921
112.623 0.0550871
112.635 0.0551824
112.646 0.0552779
112.658 0.0553737
112.67 0.0554697
112.681 0.055566
112.693 0.0556625
112.704 0.0557593
112.716 0.0558564
112.728 0.0559536
112.739 0.0560512
112.751 0.056149
112.762 0.056247
112.774 0.0563453
112.786 0.0564439
112.797 0.0565427
112.809 0.0566418
112.82 0.0567411
112.832 0.0568407
112.844 0.0569405
112.855 0.0570407
112.867 0.0571411
112.878 0.0572417
112.89 0.0573426
112.902 0.0574438
112.913 0.0575453
112.925 0.057647
112.936 0.057749
112.948 0.0578512
112.96 0.0579537
112.971 0.0580565
112.983 0.0581596
112.994 0.058263
113.006 0.0583666
113.018 0.0584705
113.029 0.0585747
113.041 0.0586791
113.052 0.0587839
113.064 0.0588889
113.076 0.0589942
113.087 0.0590998
113.099 0.0592056
113.11 0.0593118
113.122 0.0594182
113.134 0.0595249
113.145 0.0596319
113.157 0.0597392
113.168 0.0598468
113.18 0.0599546
113.192 0.0600628
113.203 0.0601713
113.215 0.06028
113.226 0.0603891
113.238 0.0604984
113.25 0.060608
113.261 0.060718
113.273 0.0608282
113.284 0.0609387
113.296 0.0610495
113.308 0.0611607
113.319 0.0612721
113.331 0.0613839
113.342 0.0614959
113.354 0.0616082
113.366 0.0617209
113.377 0.0618339
113.389 0.0619472
113.4 0.0620607
113.412 0.0621746
113.424 0.0622889
113.435 0.0624034
113.447 0.0625182
113.458 0.0626334
113.47 0.0627489
113.482 0.0628647
113.493 0.0629808
113.505 0.0630972
113.516 0.063214
113.528 0.0633311
113.54 0.0634485
113.551 0.0635662
113.563 0.0636843
113.574 0.0638026
113.586 0.0639214
113.598 0.0640404
113.609 0.0641598
113.621 0.0642795
113.632 0.0643996
113.644 0.06452
113.656 0.0646407
113.667 0.0647617
113.679 0.0648831
113.69 0.0650049
113.702 0.065127
113.714 0.0652494
113.725 0.0653722
113.737 0.0654953
113.748 0.0656188
113.76 0.0657426
113.772 0.0658667
113.783 0.0659912
113.795 0.0661161
113.806 0.0662413
113.818 0.0663669
113.83 0.0664928
113.841 0.0666191
113.853 0.0667458
113.864 0.0668728
113.876 0.0670002
113.888 0.0671279
113.899 0.067256
113.911 0.0673845
113.922 0.0675133
113.934 0.0676425
113.946 0.0677721
113.957 0.067902
113.969 0.0680324
113.98 0.0681631
113.992 0.0682941
114.004 0.0684256
114.015 0.0685574
114.027 0.0686896
114.038 0.0688222
114.05 0.0689552
114.062 0.0690885
114.073 0.0692223
114.085 0.0693564
114.096 0.0694909
114.108 0.0696258
114.12 0.0697611
114.131 0.0698968
114.143 0.0700329
114.154 0.0701694
114.166 0.0703063
114.178 0.0704436
114.189 0.0705813
114.201 0.0707194
114.212 0.0708579
114.224 0.0709968
114.236 0.0711361
114.247 0.0712758
114.259 0.0714159
114.27 0.0715565
114.282 0.0716974
114.294 0.0718388
114.305 0.0719806
114.317 0.0721228
114.328 0.0722654
114.34 0.0724085
114.352 0.0725519
114.363 0.0726958
114.375 0.0728402
114.386 0.0729849
114.398 0.0731301
114.41 0.0732757
114.421 0.0734218
114.433 0.0735683
114.444 0.0737152
114.456 0.0738626
114.468 0.0740104
114.479 0.0741587
114.491 0.0743074
114.502 0.0744565
114.514 0.0746061
114.526 0.0747561
114.537 0.0749066
114.549 0.0750576
114.56 0.075209
114.572 0.0753608
114.584 0.0755132
114.595 0.0756659
114.607 0.0758192
114.618 0.0759729
114.63 0.0761271
114.642 0.0762817
114.653 0.0764368
114.665 0.0765924
114.676 0.0767485
114.688 0.076905
114.7 0.077062
114.711 0.0772195
114.723 0.0773775
114.734 0.077536
114.746 0.0776949
114.758 0.0778543
114.769 0.0780143
114.781 0.0781747
114.792 0.0783356
114.804 0.078497
114.816 0.0786589
114.827 0.0788213
114.839 0.0789842
114.85 0.0791476
114.862 0.0793115
114.874 0.0794759
114.885 0.0796409
114.897 0.0798063
114.908 0.0799723
114.92 0.0801388
114.932 0.0803058
114.943 0.0804733
114.955 0.0806413
114.966 0.0808099
114.978 0.080979
114.99 0.0811486
115.001 0.0813188
115.013 0.0814894
115.024 0.0816607
115.036 0.0818324
115.048 0.0820047
115.059 0.0821776
115.071 0.082351
115.082 0.0825249
115.094 0.0826994
115.106 0.0828745
115.117 0.08305
115.129 0.0832262
115.14 0.0834029
115.152 0.0835802
115.164 0.083758
115.175 0.0839364
115.187 0.0841154
115.198 0.084295
115.21 0.0844751
115.222 0.0846558
115.233 0.0848371
115.245 0.0850189
115.256 0.0852013
115.268 0.0853844
115.28 0.085568
115.291 0.0857522
115.303 0.085937
115.314 0.0861224
115.326 0.0863084
115.338 0.086495
115.349 0.0866822
115.361 0.08687
115.372 0.0870584
115.384 0.0872474
115.396 0.087437
115.407 0.0876273
115.419 0.0878182
115.43 0.0880097
115.442 0.0882018
115.454 0.0883946
115.465 0.0885879
115.477 0.088782
115.488 0.0889766
115.5 0.0891719
115.512 0.0893678
115.523 0.0895644
115.535 0.0897616
115.546 0.0899595
115.558 0.090158
115.57 0.0903572
115.581 0.090557
115.593 0.0907575
115.604 0.0909587
115.616 0.0911605
115.628 0.091363
115.639 0.0915662
115.651 0.0917701
115.662 0.0919746
115.674 0.0921798
115.686 0.0923857
115.697 0.0925923
115.709 0.0927996
115.72 0.0930075
115.732 0.0932162
115.744 0.0934256
115.755 0.0936357
115.767 0.0938464
115.778 0.0940579
115.79 0.0942701
115.802 0.0944831
115.813 0.0946967
115.825 0.0949111
115.836 0.0951262
115.848 0.095342
115.86 0.0955585
115.871 0.0957758
115.883 0.0959938
115.894 0.0962126
115.906 0.0964321
115.918 0.0966524
115.929 0.0968734
115.941 0.0970952
115.952 0.0973177
115.964 0.097541
115.976 0.0977651
115.987 0.0979899
115.999 0.0982155
116.01 0.0984419
116.022 0.0986691
116.034 0.098897
116.045 0.0991258
116.057 0.0993553
116.068 0.0995856
116.08 0.0998167
116.092 0.100049
116.103 0.100281
116.115 0.100515
116.126 0.100749
116.138 0.100984
116.15 0.10122
116.161 0.101457
116.173 0.101695
116.184 0.101933
116.196 0.102173
116.208 0.102413
116.219 0.102654
116.231 0.102896
116.242 0.103138
116.254 0.103382
116.266 0.103626
116.277 0.103872
116.289 0.104118
116.3 0.104365
116.312 0.104613
116.324 0.104862
116.335 0.105111
116.347 0.105362
116.358 0.105613
116.37 0.105866
116.382 0.106119
116.393 0.106373
116.405 0.106628
116.416 0.106884
116.428 0.107141
116.44 0.107399
116.451 0.107658
116.463 0.107917
116.474 0.108178
116.486 0.108439
116.498 0.108702
116.509 0.108965
116.521 0.10923
116.532 0.109495
116.544 0.109762
116.556 0.110029
116.567 0.110297
116.579 0.110566
116.59 0.110837
116.602 0.111108
116.614 0.11138
116.625 0.111653
116.637 0.111928
116.648 0.112203
116.66 0.112479
116.672 0.112756
116.683 0.113035
116.695 0.113314
116.706 0.113594
116.718 0.113876
116.73 0.114158
116.741 0.114442
116.753 0.114726
116.764 0.115012
116.776 0.115298
116.788 0.115586
116.799 0.115875
116.811 0.116165
116.822 0.116456
116.834 0.116748
116.846 0.117041
116.857 0.117335
116.869 0.11763
116.88 0.117927
116.892 0.118224
116.904 0.118523
116.915 0.118823
116.927 0.119124
116.938 0.119426
116.95 0.119729
116.962 0.120034
116.973 0.120339
116.985 0.120646
116.996 0.120954
117.008 0.121263
117.02 0.121573
117.031 0.121884
117.043 0.122197
117.054 0.122511
117.066 0.122826
117.078 0.123142
117.089 0.12346
117.101 0.123778
117.112 0.124098
117.124 0.124419
117.136 0.124742
117.147 0.125065
117.159 0.12539
117.17 0.125716
117.182 0.126044
117.194 0.126372
117.205 0.126702
117.217 0.127034
117.228 0.127366
117.24 0.1277
117.252 0.128035
117.263 0.128372
117.275 0.128709
117.286 0.129049
117.298 0.129389
117.31 0.129731
117.321 0.130074
117.333 0.130418
117.344 0.130764
117.356 0.131112
117.368 0.13146
117.379 0.13181
117.391 0.132162
117.402 0.132514
117.414 0.132869
117.426 0.133224
117.437 0.133581
117.449 0.13394
117.46 0.1343
117.472 0.134661
117.484 0.135024
117.495 0.135388
117.507 0.135754
117.518 0.136121
117.53 0.13649
117.542 0.13686
117.553 0.137232
117.565 0.137605
117.576 0.13798
117.588 0.138356
117.6 0.138734
117.611 0.139113
117.623 0.139494
117.634 0.139876
117.646 0.14026
117.658 0.140646
117.669 0.141033
117.681 0.141422
117.692 0.141812
117.704 0.142204
117.716 0.142598
117.727 0.142993
117.739 0.14339
117.75 0.143788
117.762 0.144188
117.774 0.14459
117.785 0.144993
117.797 0.145399
117.808 0.145805
117.82 0.146214
117.832 0.146624
117.843 0.147036
117.855 0.14745
117.866 0.147865
117.878 0.148283
117.89 0.148702
117.901 0.149122
117.913 0.149545
117.924 0.149969
117.936 0.150395
117.948 0.150823
117.959 0.151253
117.971 0.151684
117.982 0.152118
117.994 0.152553
118.006 0.15299
118.017 0.153429
118.029 0.15387
118.04 0.154313
118.052 0.154757
118.064 0.155204
118.075 0.155652
118.087 0.156103
118.098 0.156555
118.11 0.157009
118.122 0.157466
118.133 0.157924
118.145 0.158384
118.156 0.158846
118.168 0.159311
118.18 0.159777
118.191 0.160245
118.203 0.160716
118.214 0.161188
118.226 0.161663
118.238 0.162139
118.249 0.162618
118.261 0.163099
118.272 0.163582
118.284 0.164067
118.296 0.164554
118.307 0.165043
118.319 0.165535
118.33 0.166029
118.342 0.166524
118.354 0.167023
118.365 0.167523
118.377 0.168026
118.388 0.16853
118.4 0.169038
118.412 0.169547
118.423 0.170059
118.435 0.170573
118.446 0.171089
118.458 0.171608
118.47 0.172129
118.481 0.172652
118.493 0.173178
118.504 0.173706
118.516 0.174236
118.528 0.174769
118.539 0.175305
118.551 0.175842
118.562 0.176383
118.574 0.176926
118.586 0.177471
118.597 0.178019
118.609 0.178569
118.62 0.179122
118.632 0.179677
118.644 0.180235
118.655 0.180795
118.667 0.181359
118.678 0.181924
118.69 0.182493
118.702 0.183064
118.713 0.183637
118.725 0.184214
118.736 0.184793
118.748 0.185375
118.76 0.185959
118.771 0.186547
118.783 0.187137
118.794 0.187729
118.806 0.188325
118.818 0.188924
118.829 0.189525
118.841 0.190129
118.852 0.190736
118.864 0.191346
118.876 0.191959
118.887 0.192574
118.899 0.193193
118.91 0.193815
118.922 0.194439
118.934 0.195067
118.945 0.195698
118.957 0.196331
118.968 0.196968
118.98 0.197608
118.992 0.198251
119.003 0.198897
119.015 0.199546
119.026 0.200199
119.038 0.200854
119.05 0.201513
119.061 0.202175
119.073 0.20284
119.084 0.203508
119.096 0.20418
119.108 0.204855
119.119 0.205534
119.131 0.206215
119.142 0.2069
119.154 0.207589
119.166 0.208281
119.177 0.208976
119.189 0.209675
119.2 0.210377
119.212 0.211083
119.224 0.211792
119.235 0.212505
119.247 0.213222
119.258 0.213942
119.27 0.214665
119.282 0.215393
119.293 0.216124
119.305 0.216859
119.316 0.217597
119.328 0.218339
119.34 0.219085
119.351 0.219835
119.363 0.220588
119.374 0.221346
119.386 0.222107
119.398 0.222872
119.409 0.223641
119.421 0.224414
119.432 0.225191
119.444 0.225973
119.456 0.226758
119.467 0.227547
119.479 0.22834
119.49 0.229137
119.502 0.229939
119.514 0.230745
119.525 0.231554
119.537 0.232369
119.548 0.233187
119.56 0.23401
119.572 0.234837
119.583 0.235668
119.595 0.236504
119.606 0.237344
119.618 0.238189
119.63 0.239038
119.641 0.239891
119.653 0.240749
119.664 0.241612
119.676 0.242479
119.688 0.243351
119.699 0.244228
119.711 0.245109
119.722 0.245995
119.734 0.246886
119.746 0.247782
119.757 0.248682
119.769 0.249587
119.78 0.250498
119.792 0.251413
119.804 0.252333
119.815 0.253258
119.827 0.254188
119.838 0.255124
119.85 0.256064
119.862 0.257009
119.873 0.25796
119.885 0.258916
119.896 0.259877
119.908 0.260844
119.92 0.261816
119.931 0.262793
119.943 0.263776
119.954 0.264764
119.966 0.265758
119.978 0.266757
119.989 0.267762
120.001 0.268773
120.012 0.269789
120.024 0.270811
120.036 0.271838
120.047 0.272872
120.059 0.273911
120.07 0.274956
120.082 0.276007
120.094 0.277064
120.105 0.278127
120.117 0.279196
120.128 0.280272
120.14 0.281353
120.152 0.282441
120.163 0.283535
120.175 0.284635
120.186 0.285741
120.198 0.286854
120.21 0.287973
120.221 0.289099
120.233 0.290232
120.244 0.291371
120.256 0.292516
120.268 0.293669
120.279 0.294828
120.291 0.295994
120.302 0.297166
120.314 0.298346
120.326 0.299532
120.337 0.300726
120.349 0.301927
120.36 0.303134
120.372 0.304349
120.384 0.305572
120.395 0.306801
120.407 0.308038
120.418 0.309282
120.43 0.310534
120.442 0.311793
120.453 0.31306
120.465 0.314334
120.476 0.315616
120.488 0.316906
120.5 0.318204
120.511 0.31951
120.523 0.320823
120.534 0.322145
120.546 0.323474
120.558 0.324812
120.569 0.326158
120.581 0.327513
120.592 0.328875
120.604 0.330246
120.616 0.331626
120.627 0.333014
120.639 0.334411
120.65 0.335816
120.662 0.33723
120.674 0.338653
120.685 0.340085
120.697 0.341526
120.708 0.342976
120.72 0.344435
120.732 0.345904
120.743 0.347381
120.755 0.348868
120.766 0.350365
120.778 0.351871
120.79 0.353386
120.801 0.354911
120.813 0.356446
120.824 0.357991
120.836 0.359546
120.848 0.361111
120.859 0.362685
120.871 0.36427
120.882 0.365866
120.894 0.367471
120.906 0.369087
120.917 0.370714
120.929 0.372351
120.94 0.373999
120.952 0.375658
120.964 0.377328
120.975 0.379008
120.987 0.3807
120.998 0.382403
121.01 0.384117
121.022 0.385843
121.033 0.38758
121.045 0.389328
121.056 0.391089
121.068 0.392861
121.08 0.394645
121.091 0.396441
121.103 0.398249
121.114 0.400069
121.126 0.401902
121.138 0.403747
121.149 0.405604
121.161 0.407475
121.172 0.409358
121.184 0.411254
121.196 0.413162
121.207 0.415084
121.219 0.417019
121.23 0.418968
121.242 0.42093
121.254 0.422906
121.265 0.424895
121.277 0.426898
121.288 0.428915
121.3 0.430946
121.312 0.432992
121.323 0.435052
121.335 0.437126
121.346 0.439215
121.358 0.441318
121.37 0.443437
121.381 0.44557
121.393 0.447719
121.404 0.449883
121.416 0.452062
121.428 0.454258
121.439 0.456468
121.451 0.458695
121.462 0.460938
121.474 0.463197
121.486 0.465472
121.497 0.467764
121.509 0.470072
121.52 0.472397
121.532 0.47474
121.544 0.477099
121.555 0.479476
121.567 0.48187
121.578 0.484282
121.59 0.486711
121.602 0.489159
121.613 0.491624
121.625 0.494108
121.636 0.496611
121.648 0.499132
121.66 0.501672
121.671 0.504232
121.683 0.50681
121.694 0.509408
121.706 0.512025
121.718 0.514663
121.729 0.51732
121.741 0.519997
121.752 0.522695
121.764 0.525414
121.776 0.528153
121.787 0.530914
121.799 0.533695
121.81 0.536499
121.822 0.539323
121.834 0.54217
121.845 0.545039
121.857 0.54793
121.868 0.550844
121.88 0.55378
121.892 0.55674
121.903 0.559723
121.915 0.562729
121.926 0.565759
121.938 0.568813
121.95 0.571892
121.961 0.574994
121.973 0.578122
121.984 0.581274
121.996 0.584452
122.008 0.587656
122.019 0.590885
122.031 0.59414
122.042 0.597421
122.054 0.60073
122.066 0.604065
122.077 0.607427
122.089 0.610816
122.1 0.614234
122.112 0.617679
122.124 0.621153
122.135 0.624656
122.147 0.628187
122.158 0.631748
122.17 0.635339
122.182 0.638959
122.193 0.642609
122.205 0.646291
122.216 0.650003
122.228 0.653746
122.24 0.657521
122.251 0.661327
122.263 0.665167
122.274 0.669038
122.286 0.672943
122.298 0.676881
122.309 0.680853
122.321 0.684859
122.332 0.688899
122.344 0.692974
122.356 0.697085
122.367 0.701231
122.379 0.705413
122.39 0.709632
122.402 0.713887
122.414 0.71818
122.425 0.722511
122.437 0.726879
122.448 0.731287
122.46 0.735733
122.472 0.740219
122.483 0.744744
122.495 0.749311
122.506 0.753917
122.518 0.758566
122.53 0.763256
122.541 0.767988
122.553 0.772763
122.564 0.777582
122.576 0.782444
122.588 0.78735
122.599 0.792301
122.611 0.797298
122.622 0.80234
122.634 0.807429
122.646 0.812565
122.657 0.817749
122.669 0.82298
122.68 0.82826
122.692 0.83359
122.704 0.838969
122.715 0.844399
122.727 0.84988
122.738 0.855412
122.75 0.860997
122.762 0.866635
122.773 0.872326
122.785 0.878072
122.796 0.883872
122.808 0.889728
122.82 0.89564
122.831 0.901609
122.843 0.907636
122.854 0.913721
122.866 0.919866
122.878 0.92607
122.889 0.932335
122.901 0.938661
122.912 0.945049
122.924 0.9515
122.936 0.958014
122.947 0.964594
122.959 0.971238
122.97 0.977949
122.982 0.984726
122.994 0.991571
123.005 0.998485
123.017 1.00547
123.028 1.01252
123.04 1.01965
123.052 1.02685
123.063 1.03412
123.075 1.04146
123.086 1.04888
123.098 1.05638
123.11 1.06395
123.121 1.0716
123.133 1.07933
123.144 1.08714
123.156 1.09503
123.168 1.10301
123.179 1.11106
123.191 1.11921
123.202 1.12743
123.214 1.13575
123.226 1.14415
123.237 1.15264
123.249 1.16122
123.26 1.16989
123.272 1.17866
123.284 1.18752
123.295 1.19647
123.307 1.20552
123.318 1.21467
123.33 1.22392
123.342 1.23327
123.353 1.24272
123.365 1.25227
123.376 1.26193
123.388 1.27169
123.4 1.28156
123.411 1.29154
123.423 1.30163
123.434 1.31183
123.446 1.32215
123.458 1.33258
123.469 1.34313
123.481 1.3538
123.492 1.36458
123.504 1.37549
123.516 1.38652
123.527 1.39768
123.539 1.40896
123.55 1.42038
123.562 1.43192
123.574 1.44359
123.585 1.4554
123.597 1.46735
123.608 1.47943
123.62 1.49166
123.632 1.50402
123.643 1.51653
123.655 1.52919
123.666 1.54199
123.678 1.55495
123.69 1.56805
123.701 1.58131
123.713 1.59473
123.724 1.60831
123.736 1.62205
123.748 1.63595
123.759 1.65002
123.771 1.66426
123.782 1.67867
123.794 1.69325
123.806 1.70801
123.817 1.72295
123.829 1.73807
123.84 1.75337
123.852 1.76886
123.864 1.78454
123.875 1.80041
123.887 1.81647
123.898 1.83274
123.91 1.8492
123.922 1.86587
123.933 1.88274
123.945 1.89982
123.956 1.91712
123.968 1.93463
123.98 1.95236
123.991 1.97032
124.003 1.9885
124.014 2.0069
124.026 2.02554
124.038 2.04442
124.049 2.06353
124.061 2.08289
124.072 2.10249
124.084 2.12235
124.096 2.14245
124.107 2.16282
124.119 2.18344
124.13 2.20433
124.142 2.22549
124.154 2.24692
124.165 2.26862
124.177 2.29061
124.188 2.31288
124.2 2.33544
124.212 2.3583
124.223 2.38145
124.235 2.4049
124.246 2.42866
124.258 2.45273
124.27 2.47711
124.281 2.50181
124.293 2.52683
124.304 2.55219
124.316 2.57787
124.328 2.6039
124.339 2.63026
124.351 2.65698
124.362 2.68404
124.374 2.71146
124.386 2.73925
124.397 2.7674
124.409 2.79592
124.42 2.82481
124.432 2.85409
124.444 2.88376
124.455 2.91382
124.467 2.94427
124.478 2.97513
124.49 3.00639
124.502 3.03807
124.513 3.07016
124.525 3.10268
124.536 3.13563
124.548 3.16901
124.56 3.20283
124.571 3.23709
124.583 3.2718
124.594 3.30696
124.606 3.34259
124.618 3.37868
124.629 3.41524
124.641 3.45228
124.652 3.48979
124.664 3.52779
124.676 3.56628
124.687 3.60527
124.699 3.64475
124.71 3.68474
124.722 3.72524
124.734 3.76625
124.745 3.80779
124.757 3.84984
124.768 3.89242
124.78 3.93553
124.792 3.97917
124.803 4.02335
124.815 4.06807
124.826 4.11334
124.838 4.15915
124.85 4.20552
124.861 4.25243
124.873 4.2999
124.884 4.34793
124.896 4.39652
124.908 4.44566
124.919 4.49537
124.931 4.54564
124.942 4.59646
124.954 4.64785
124.966 4.6998
124.977 4.75231
124.989 4.80537
125 4.85899
125.012 4.91317
125.024 4.96789
125.035 5.02315
125.047 5.07896
125.058 5.1353
125.07 5.19217
125.082 5.24957
125.093 5.30748
125.105 5.36589
125.116 5.42481
125.128 5.48421
125.14 5.54409
125.151 5.60444
125.163 5.66524
125.174 5.72648
125.186 5.78814
125.198 5.85022
125.209 5.91269
125.221 5.97553
125.232 6.03873
125.244 6.10227
125.256 6.16612
125.267 6.23026
125.279 6.29467
125.29 6.35933
125.302 6.4242
125.314 6.48927
125.325 6.55449
125.337 6.61984
125.348 6.68529
125.36 6.75081
125.372 6.81636
125.383 6.8819
125.395 6.9474
125.406 7.01282
125.418 7.07811
125.43 7.14325
125.441 7.20817
125.453 7.27285
125.464 7.33723
125.476 7.40126
125.488 7.46491
125.499 7.52811
125.511 7.59083
125.522 7.653
125.534 7.71457
125.546 7.7755
125.557 7.83572
125.569 7.89519
125.58 7.95384
125.592 8.01162
125.604 8.06847
125.615 8.12433
125.627 8.17915
125.638 8.23287
125.65 8.28542
125.662 8.33676
125.673 8.38682
125.685 8.43554
125.696 8.48288
125.708 8.52876
125.72 8.57314
125.731 8.61596
125.743 8.65717
125.754 8.69672
125.766 8.73454
125.778 8.7706
125.789 8.80485
125.801 8.83724
125.812 8.86772
125.824 8.89626
125.836 8.92281
125.847 8.94733
125.859 8.9698
125.87 8.99018
125.882 9.00844
125.894 9.02456
125.905 9.03851
125.917 9.05026
125.928 9.05982
125.94 9.06715
125.952 9.07224
125.963 9.0751
125.975 9.07572
125.986 9.07409
125.998 9.07022
126.01 9.06412
126.021 9.05579
126.033 9.04524
126.044 9.03249
126.056 9.01757
126.068 9.00048
126.079 8.98126
126.091 8.95994
126.102 8.93653
126.114 8.91109
126.126 8.88364
126.137 8.85422
126.149 8.82288
126.16 8.78965
126.172 8.75458
126.184 8.71771
126.195 8.67911
126.207 8.63881
126.218 8.59687
126.23 8.55333
126.242 8.50827
126.253 8.46173
126.265 8.41376
126.276 8.36442
126.288 8.31378
126.3 8.26189
126.311 8.2088
126.323 8.15458
126.334 8.09929
126.346 8.04297
126.358 7.9857
126.369 7.92752
126.381 7.86849
126.392 7.80868
126.404 7.74813
126.416 7.68691
126.427 7.62506
126.439 7.56263
126.45 7.49969
126.462 7.43628
126.474 7.37246
126.485 7.30826
126.497 7.24374
126.508 7.17895
126.52 7.11392
126.532 7.04871
126.543 6.98335
126.555 6.9179
126.566 6.85237
126.578 6.78682
126.59 6.72129
126.601 6.65579
126.613 6.59038
126.624 6.52508
126.636 6.45993
126.648 6.39495
126.659 6.33017
126.671 6.26562
126.682 6.20133
126.694 6.13731
126.706 6.0736
126.717 6.01021
126.729 5.94717
126.74 5.88449
126.752 5.8222
126.764 5.76031
126.775 5.69883
126.787 5.63779
126.798 5.57719
126.81 5.51705
126.822 5.45739
126.833 5.3982
126.845 5.33951
126.856 5.28132
126.868 5.22364
126.88 5.16648
126.891 5.10985
126.903 5.05375
126.914 4.99819
126.926 4.94316
126.938 4.88869
126.949 4.83477
126.961 4.7814
126.972 4.72858
126.984 4.67633
126.996 4.62463
127.007 4.57349
127.019 4.52292
127.03 4.4729
127.042 4.42345
127.054 4.37456
127.065 4.32622
127.077 4.27845
127.088 4.23123
127.1 4.18456
127.112 4.13844
127.123 4.09288
127.135 4.04786
127.146 4.00338
127.158 3.95944
127.17 3.91604
127.181 3.87317
127.193 3.83083
127.204 3.78901
127.216 3.74771
127.228 3.70693
127.239 3.66666
127.251 3.6269
127.262 3.58764
127.274 3.54888
127.286 3.51061
127.297 3.47283
127.309 3.43553
127.32 3.39871
127.332 3.36236
127.344 3.32648
127.355 3.29106
127.367 3.2561
127.378 3.22159
127.39 3.18753
127.402 3.15391
127.413 3.12073
127.425 3.08798
127.436 3.05565
127.448 3.02375
127.46 2.99226
127.471 2.96118
127.483 2.9305
127.494 2.90023
127.506 2.87034
127.518 2.84085
127.529 2.81175
127.541 2.78302
127.552 2.75467
127.564 2.72668
127.576 2.69906
127.587 2.6718
127.599 2.6449
127.61 2.61834
127.622 2.59213
127.634 2.56626
127.645 2.54072
127.657 2.51552
127.668 2.49064
127.68 2.46608
127.692 2.44184
127.703 2.41792
127.715 2.3943
127.726 2.37098
127.738 2.34796
127.75 2.32524
127.761 2.30281
127.773 2.28067
127.784 2.25881
127.796 2.23723
127.808 2.21592
127.819 2.19488
127.831 2.17412
127.842 2.15361
127.854 2.13336
127.866 2.11337
127.877 2.09363
127.889 2.07414
127.9 2.05489
127.912 2.03588
127.924 2.01712
127.935 1.99858
127.947 1.98028
127.958 1.9622
127.97 1.94435
127.982 1.92672
127.993 1.9093
128.005 1.8921
128.016 1.87511
128.028 1.85833
128.04 1.84176
128.051 1.82538
128.063 1.80921
128.074 1.79323
128.086 1.77745
128.098 1.76186
128.109 1.74645
128.121 1.73123
128.132 1.7162
128.144 1.70134
128.156 1.68666
128.167 1.67216
128.179 1.65782
128.19 1.64366
128.202 1.62967
128.214 1.61584
128.225 1.60217
128.237 1.58867
128.248 1.57532
128.26 1.56213
128.272 1.54909
128.283 1.5362
128.295 1.52347
128.306 1.51088
128.318 1.49843
128.33 1.48613
128.341 1.47397
128.353 1.46195
128.364 1.45007
128.376 1.43832
128.388 1.4267
128.399 1.41522
128.411 1.40386
128.422 1.39264
128.434 1.38154
128.446 1.37056
128.457 1.35971
128.469 1.34898
128.48 1.33836
128.492 1.32787
128.504 1.31749
128.515 1.30722
128.527 1.29707
128.538 1.28703
128.55 1.2771
128.562 1.26728
128.573 1.25756
128.585 1.24795
128.596 1.23845
128.608 1.22904
128.62 1.21974
128.631 1.21054
128.643 1.20143
128.654 1.19243
128.666 1.18351
128.678 1.1747
128.689 1.16597
128.701 1.15734
128.712 1.1488
128.724 1.14035
128.736 1.13199
128.747 1.12372
128.759 1.11553
128.77 1.10742
128.782 1.0994
128.794 1.09147
128.805 1.08361
128.817 1.07584
128.828 1.06814
128.84 1.06053
128.852 1.05299
128.863 1.04553
128.875 1.03814
128.886 1.03083
128.898 1.02359
128.91 1.01643
128.921 1.00934
128.933 1.00231
128.944 0.995361
128.956 0.988479
128.968 0.981664
128.979 0.974917
128.991 0.968236
129.002 0.961621
129.014 0.955071
129.026 0.948585
129.037 0.942163
129.049 0.935803
129.06 0.929504
129.072 0.923267
129.084 0.91709
129.095 0.910972
129.107 0.904914
129.118 0.898913
129.13 0.892969
129.142 0.887082
129.153 0.881252
129.165 0.875476
129.176 0.869755
129.188 0.864088
129.2 0.858474
129.211 0.852913
129.223 0.847404
129.234 0.841946
129.246 0.836539
129.258 0.831182
129.269 0.825875
129.281 0.820617
129.292 0.815407
129.304 0.810245
129.316 0.805131
129.327 0.800063
129.339 0.795041
129.35 0.790065
129.362 0.785134
129.374 0.780247
129.385 0.775405
129.397 0.770606
129.408 0.765851
129.42 0.761137
129.432 0.756466
129.443 0.751837
129.455 0.747248
129.466 0.7427
129.478 0.738193
129.49 0.733725
129.501 0.729296
129.513 0.724906
129.524 0.720555
129.536 0.716241
129.548 0.711965
129.559 0.707726
129.571 0.703524
129.582 0.699358
129.594 0.695228
129.606 0.691134
129.617 0.687074
129.629 0.683049
129.64 0.679059
129.652 0.675102
129.664 0.671179
129.675 0.66729
129.687 0.663433
129.698 0.659608
129.71 0.655816
129.722 0.652055
129.733 0.648326
129.745 0.644628
129.756 0.640961
129.768 0.637324
129.78 0.633717
129.791 0.63014
129.803 0.626593
129.814 0.623074
129.826 0.619585
129.838 0.616123
129.849 0.612691
129.861 0.609286
129.872 0.605908
129.884 0.602559
129.896 0.599236
129.907 0.59594
129.919 0.59267
129.93 0.589426
129.942 0.586209
129.954 0.583017
129.965 0.579851
129.977 0.57671
129.988 0.573593
130 0.570502
130.012 0.567434
130.023 0.564391
130.035 0.561372
130.046 0.558376
130.058 0.555404
130.07 0.552454
130.081 0.549528
130.093 0.546625
130.104 0.543744
130.116 0.540885
130.128 0.538048
130.139 0.535233
130.151 0.53244
130.162 0.529667
130.174 0.526916
130.186 0.524187
130.197 0.521477
130.209 0.518789
130.22 0.51612
130.232 0.513472
130.244 0.510844
130.255 0.508235
130.267 0.505646
130.278 0.503076
130.29 0.500526
130.302 0.497994
130.313 0.495481
130.325 0.492987
130.336 0.490511
130.348 0.488054
130.36 0.485614
130.371 0.483193
130.383 0.480789
130.394 0.478403
130.406 0.476034
130.418 0.473682
130.429 0.471348
130.441 0.46903
130.452 0.466729
130.464 0.464445
130.476 0.462177
130.487 0.459925
130.499 0.45769
130.51 0.45547
130.522 0.453267
130.534 0.451079
130.545 0.448906
130.557 0.446749
130.568 0.444607
130.58 0.44248
130.592 0.440369
130.603 0.438272
130.615 0.436189
130.626 0.434122
130.638 0.432068
130.65 0.430029
130.661 0.428005
130.673 0.425994
130.684 0.423997
130.696 0.422014
130.708 0.420044
130.719 0.418088
130.731 0.416146
130.742 0.414217
130.754 0.412301
130.766 0.410398
130.777 0.408508
130.789 0.40663
130.8 0.404766
130.812 0.402914
130.824 0.401075
130.835 0.399247
130.847 0.397433
130.858 0.39563
130.87 0.39384
130.882 0.392061
130.893 0.390294
130.905 0.388539
130.916 0.386796
130.928 0.385064
130.94 0.383343
130.951 0.381634
130.963 0.379936
130.974 0.37825
130.986 0.376574
130.998 0.374909
131.009 0.373255
131.021 0.371612
131.032 0.36998
131.044 0.368358
131.056 0.366747
131.067 0.365146
131.079 0.363555
131.09 0.361975
131.102 0.360404
131.114 0.358844
131.125 0.357294
131.137 0.355753
131.148 0.354223
131.16 0.352702
131.172 0.351191
131.183 0.349689
131.195 0.348197
131.206 0.346714
131.218 0.345241
131.23 0.343777
131.241 0.342322
131.253 0.340876
131.264 0.339439
131.276 0.338011
131.288 0.336592
131.299 0.335182
131.311 0.33378
131.322 0.332388
131.334 0.331003
131.346 0.329628
131.357 0.32826
131.369 0.326901
131.38 0.325551
131.392 0.324208
131.404 0.322874
131.415 0.321548
131.427 0.32023
131.438 0.31892
131.45 0.317618
131.462 0.316324
131.473 0.315038
131.485 0.313759
131.496 0.312488
131.508 0.311225
131.52 0.309969
131.531 0.30872
131.543 0.30748
131.554 0.306246
131.566 0.30502
131.578 0.303801
131.589 0.302589
131.601 0.301385
131.612 0.300187
131.624 0.298997
131.636 0.297813
131.647 0.296637
131.659 0.295467
131.67 0.294305
131.682 0.293149
131.694 0.291999
131.705 0.290857
131.717 0.289721
131.728 0.288591
131.74 0.287468
131.752 0.286352
131.763 0.285242
131.775 0.284138
131.786 0.283041
131.798 0.28195
131.81 0.280865
131.821 0.279786
131.833 0.278714
131.844 0.277648
131.856 0.276587
131.868 0.275533
131.879 0.274484
131.891 0.273442
131.902 0.272405
131.914 0.271374
131.926 0.270349
131.937 0.26933
131.949 0.268317
131.96 0.267309
131.972 0.266306
131.984 0.26531
131.995 0.264318
132.007 0.263333
132.018 0.262352
132.03 0.261377
132.042 0.260408
132.053 0.259444
132.065 0.258485
132.076 0.257531
132.088 0.256583
132.1 0.25564
132.111 0.254701
132.123 0.253768
132.134 0.252841
132.146 0.251918
132.158 0.251
132.169 0.250087
132.181 0.249179
132.192 0.248276
132.204 0.247377
132.216 0.246484
132.227 0.245595
132.239 0.244712
132.25 0.243832
132.262 0.242958
132.274 0.242088
132.285 0.241223
132.297 0.240362
132.308 0.239506
132.32 0.238655
132.332 0.237807
132.343 0.236965
132.355 0.236127
132.366 0.235293
132.378 0.234464
132.39 0.233638
132.401 0.232818
132.413 0.232001
132.424 0.231189
132.436 0.230381
132.448 0.229577
132.459 0.228778
132.471 0.227982
132.482 0.227191
132.494 0.226403
132.506 0.22562
132.517 0.224841
132.529 0.224066
132.54 0.223294
132.552 0.222527
132.564 0.221764
132.575 0.221004
132.587 0.220248
132.598 0.219497
132.61 0.218748
132.622 0.218004
132.633 0.217264
132.645 0.216527
132.656 0.215794
132.668 0.215065
132.68 0.214339
132.691 0.213617
132.703 0.212898
132.714 0.212184
132.726 0.211472
132.738 0.210765
132.749 0.21006
132.761 0.20936
132.772 0.208662
132.784 0.207969
132.796 0.207278
132.807 0.206591
132.819 0.205908
132.83 0.205228
132.842 0.204551
132.854 0.203877
132.865 0.203207
132.877 0.20254
132.888 0.201876
132.9 0.201216
132.912 0.200558
132.923 0.199904
132.935 0.199253
132.946 0.198605
132.958 0.197961
132.97 0.197319
132.981 0.196681
132.993 0.196045
133.004 0.195413
133.016 0.194784
133.028 0.194158
133.039 0.193534
133.051 0.192914
133.062 0.192297
133.074 0.191682
133.086 0.191071
133.097 0.190462
133.109 0.189856
133.12 0.189254
133.132 0.188654
133.144 0.188056
133.155 0.187462
133.167 0.18687
133.178 0.186282
133.19 0.185696
133.202 0.185112
133.213 0.184532
133.225 0.183954
133.236 0.183379
133.248 0.182806
133.26 0.182236
133.271 0.181669
133.283 0.181105
133.294 0.180543
133.306 0.179983
133.318 0.179426
133.329 0.178872
133.341 0.178321
133.352 0.177771
133.364 0.177225
133.376 0.176681
133.387 0.176139
133.399 0.1756
133.41 0.175063
133.422 0.174529
133.434 0.173997
133.445 0.173468
133.457 0.172941
133.468 0.172416
133.48 0.171894
133.492 0.171374
133.503 0.170856
133.515 0.170341
133.526 0.169828
133.538 0.169317
133.55 0.168809
133.561 0.168303
133.573 0.167799
133.584 0.167297
133.596 0.166798
133.608 0.166301
133.619 0.165806
133.631 0.165313
133.642 0.164822
133.654 0.164334
133.666 0.163848
133.677 0.163364
133.689 0.162882
133.7 0.162402
133.712 0.161924
133.724 0.161448
133.735 0.160975
133.747 0.160503
133.758 0.160034
133.77 0.159566
133.782 0.159101
133.793 0.158638
133.805 0.158176
133.816 0.157717
133.828 0.15726
133.84 0.156804
133.851 0.156351
133.863 0.155899
133.874 0.15545
133.886 0.155002
133.898 0.154557
133.909 0.154113
133.921 0.153671
133.932 0.153231
133.944 0.152793
133.956 0.152357
133.967 0.151922
133.979 0.15149
133.99 0.151059
134.002 0.15063
134.014 0.150203
134.025 0.149778
134.037 0.149354
134.048 0.148932
134.06 0.148513
134.072 0.148094
134.083 0.147678
134.095 0.147263
134.106 0.14685
134.118 0.146439
134.13 0.14603
134.141 0.145622
134.153 0.145216
134.164 0.144811
134.176 0.144409
134.188 0.144008
134.199 0.143608
134.211 0.143211
134.222 0.142814
134.234 0.14242
134.246 0.142027
134.257 0.141636
134.269 0.141246
134.28 0.140858
134.292 0.140472
134.304 0.140087
134.315 0.139704
134.327 0.139322
134.338 0.138942
134.35 0.138563
134.362 0.138186
134.373 0.137811
134.385 0.137437
134.396 0.137064
134.408 0.136693
134.42 0.136323
134.431 0.135955
134.443 0.135589
134.454 0.135224
134.466 0.13486
134.478 0.134498
134.489 0.134137
134.501 0.133778
134.512 0.13342
134.524 0.133064
134.536 0.132709
134.547 0.132355
134.559 0.132003
134.57 0.131652
134.582 0.131303
134.594 0.130955
134.605 0.130608
134.617 0.130263
134.628 0.129919
134.64 0.129577
134.652 0.129235
134.663 0.128896
134.675 0.128557
134.686 0.12822
134.698 0.127884
134.71 0.127549
134.721 0.127216
134.733 0.126884
134.744 0.126553
134.756 0.126224
134.768 0.125896
134.779 0.125569
134.791 0.125244
134.802 0.124919
134.814 0.124596
134.826 0.124274
134.837 0.123954
134.849 0.123634
134.86 0.123316
134.872 0.122999
134.884 0.122684
134.895 0.122369
134.907 0.122056
134.918 0.121744
134.93 0.121433
134.942 0.121123
134.953 0.120815
134.965 0.120507
134.976 0.120201
134.988 0.119896
135 0.119592
135.011 0.11929
135.023 0.118988
135.034 0.118688
135.046 0.118388
135.058 0.11809
135.069 0.117793
135.081 0.117497
135.092 0.117202
135.104 0.116909
135.116 0.116616
135.127 0.116324
135.139 0.116034
135.15 0.115744
135.162 0.115456
135.174 0.115169
135.185 0.114883
135.197 0.114598
135.208 0.114314
135.22 0.114031
135.232 0.113749
135.243 0.113468
135.255 0.113188
135.266 0.112909
135.278 0.112631
135.29 0.112354
135.301 0.112079
135.313 0.111804
135.324 0.11153
135.336 0.111257
135.348 0.110986
135.359 0.110715
135.371 0.110445
135.382 0.110176
135.394 0.109908
135.406 0.109641
135.417 0.109376
135.429 0.109111
135.44 0.108847
135.452 0.108584
135.464 0.108321
135.475 0.10806
135.487 0.1078
135.498 0.107541
135.51 0.107283
135.522 0.107025
135.533 0.106769
135.545 0.106513
135.556 0.106258
135.568 0.106005
135.58 0.105752
135.591 0.1055
135.603 0.105249
135.614 0.104999
135.626 0.104749
135.638 0.104501
135.649 0.104253
135.661 0.104007
135.672 0.103761
135.684 0.103516
135.696 0.103272
135.707 0.103029
135.719 0.102787
135.73 0.102545
135.742 0.102305
135.754 0.102065
135.765 0.101826
135.777 0.101588
135.788 0.10135
135.8 0.101114
135.812 0.100878
135.823 0.100644
135.835 0.10041
135.846 0.100176
135.858 0.0999441
135.87 0.0997125
135.881 0.0994817
135.893 0.0992518
135.904 0.0990226
135.916 0.0987942
135.928 0.0985666
135.939 0.0983398
135.951 0.0981138
135.962 0.0978885
135.974 0.097664
135.986 0.0974403
135.997 0.0972174
136.009 0.0969952
136.02 0.0967737
136.032 0.0965531
136.044 0.0963331
136.055 0.096114
136.067 0.0958955
136.078 0.0956778
136.09 0.0954609
136.102 0.0952446
136.113 0.0950292
136.125 0.0948144
136.136 0.0946004
136.148 0.094387
136.16 0.0941744
136.171 0.0939626
136.183 0.0937514
136.194 0.0935409
136.206 0.0933312
136.218 0.0931221
136.229 0.0929138
136.241 0.0927061
136.252 0.0924991
136.264 0.0922929
136.276 0.0920873
136.287 0.0918824
136.299 0.0916781
136.31 0.0914746
136.322 0.0912717
136.334 0.0910695
136.345 0.090868
136.357 0.0906671
136.368 0.0904669
136.38 0.0902674
136.392 0.0900685
136.403 0.0898703
136.415 0.0896727
136.426 0.0894757
136.438 0.0892795
136.45 0.0890838
136.461 0.0888888
136.473 0.0886945
136.484 0.0885007
136.496 0.0883076
136.508 0.0881152
136.519 0.0879233
136.531 0.0877321
136.542 0.0875415
136.554 0.0873515
136.566 0.0871622
136.577 0.0869734
136.589 0.0867853
136.6 0.0865977
136.612 0.0864108
136.624 0.0862245
136.635 0.0860388
136.647 0.0858536
136.658 0.0856691
136.67 0.0854852
136.682 0.0853018
136.693 0.0851191
136.705 0.0849369
136.716 0.0847553
136.728 0.0845743
136.74 0.0843939
136.751 0.084214
136.763 0.0840347
136.774 0.083856
136.786 0.0836778
136.798 0.0835002
136.809 0.0833232
136.821 0.0831468
136.832 0.0829709
136.844 0.0827955
136.856 0.0826207
136.867 0.0824465
136.879 0.0822728
136.89 0.0820996
136.902 0.081927
136.914 0.081755
136.925 0.0815835
136.937 0.0814125
136.948 0.081242
136.96 0.0810721
136.972 0.0809027
136.983 0.0807339
136.995 0.0805655
137.006 0.0803977
137.018 0.0802305
137.03 0.0800637
137.041 0.0798974
137.053 0.0797317
137.064 0.0795665
137.076 0.0794018
137.088 0.0792376
137.099 0.0790739
137.111 0.0789107
137.122 0.0787481
137.134 0.0785859
137.146 0.0784242
137.157 0.078263
137.169 0.0781023
137.18 0.0779421
137.192 0.0777824
137.204 0.0776232
137.215 0.0774645
137.227 0.0773063
137.238 0.0771485
137.25 0.0769912
137.262 0.0768344
137.273 0.0766781
137.285 0.0765223
137.296 0.0763669
137.308 0.076212
137.32 0.0760575
137.331 0.0759036
137.343 0.0757501
137.354 0.075597
137.366 0.0754445
137.378 0.0752924
137.389 0.0751407
137.401 0.0749895
137.412 0.0748388
137.424 0.0746885
137.436 0.0745386
137.447 0.0743892
137.459 0.0742403
137.47 0.0740918
137.482 0.0739438
137.494 0.0737961
137.505 0.073649
137.517 0.0735022
137.528 0.0733559
137.54 0.0732101
137.552 0.0730647
137.563 0.0729197
137.575 0.0727751
137.586 0.072631
137.598 0.0724872
137.61 0.072344
137.621 0.0722011
137.633 0.0720587
137.644 0.0719166
137.656 0.071775
137.668 0.0716339
137.679 0.0714931
137.691 0.0713527
137.702 0.0712128
137.714 0.0710732
137.726 0.0709341
137.737 0.0707954
137.749 0.0706571
137.76 0.0705192
137.772 0.0703817
137.784 0.0702446
137.795 0.0701079
137.807 0.0699715
137.818 0.0698356
137.83 0.0697001
137.842 0.069565
137.853 0.0694303
137.865 0.0692959
137.876 0.069162
137.888 0.0690284
137.9 0.0688952
137.911 0.0687624
137.923 0.06863
137.934 0.068498
137.946 0.0683663
137.958 0.068235
137.969 0.0681041
137.981 0.0679736
137.992 0.0678434
138.004 0.0677137
138.016 0.0675843
138.027 0.0674552
138.039 0.0673266
138.05 0.0671982
138.062 0.0670703
138.074 0.0669427
138.085 0.0668155
138.097 0.0666887
138.108 0.0665622
138.12 0.0664361
138.132 0.0663103
138.143 0.0661849
138.155 0.0660598
138.166 0.0659351
138.178 0.0658107
138.19 0.0656867
138.201 0.0655631
138.213 0.0654398
138.224 0.0653168
138.236 0.0651942
138.248 0.0650719
138.259 0.06495
138.271 0.0648284
138.282 0.0647071
138.294 0.0645862
138.306 0.0644657
138.317 0.0643454
138.329 0.0642255
138.34 0.064106
138.352 0.0639867
138.364 0.0638678
138.375 0.0637493
138.387 0.063631
138.398 0.0635131
138.41 0.0633955
138.422 0.0632783
138.433 0.0631613
138.445 0.0630447
138.456 0.0629284
138.468 0.0628124
138.48 0.0626968
138.491 0.0625815
138.503 0.0624664
138.514 0.0623517
138.526 0.0622374
138.538 0.0621233
138.549 0.0620095
138.561 0.0618961
138.572 0.0617829
138.584 0.0616701
138.596 0.0615576
138.607 0.0614454
138.619 0.0613335
138.63 0.0612219
138.642 0.0611106
138.654 0.0609996
138.665 0.0608889
138.677 0.0607785
138.688 0.0606684
138.7 0.0605586
138.712 0.0604491
138.723 0.0603399
138.735 0.060231
138.746 0.0601224
138.758 0.060014
138.77 0.059906
138.781 0.0597983
138.793 0.0596908
138.804 0.0595837
138.816 0.0594768
138.828 0.0593702
138.839 0.0592639
138.851 0.0591579
138.862 0.0590521
138.874 0.0589467
138.886 0.0588415
138.897 0.0587366
138.909 0.058632
138.92 0.0585277
138.932 0.0584236
138.944 0.0583199
138.955 0.0582164
138.967 0.0581131
138.978 0.0580102
138.99 0.0579075
139.002 0.0578051
139.013 0.057703
139.025 0.0576011
139.036 0.0574995
139.048 0.0573982
139.06 0.0572971
139.071 0.0571963
139.083 0.0570958
139.094 0.0569955
139.106 0.0568955
139.118 0.0567958
139.129 0.0566963
139.141 0.0565971
139.152 0.0564981
139.164 0.0563994
139.176 0.056301
139.187 0.0562028
139.199 0.0561049
139.21 0.0560072
139.222 0.0559098
139.234 0.0558126
139.245 0.0557157
139.257 0.055619
139.268 0.0555226
139.28 0.0554265
139.292 0.0553305
139.303 0.0552349
139.315 0.0551395
139.326 0.0550443
139.338 0.0549494
139.35 0.0548547
139.361 0.0547602
139.373 0.0546661
139.384 0.0545721
139.396 0.0544784
139.408 0.0543849
139.419 0.0542917
139.431 0.0541987
139.442 0.054106
139.454 0.0540134
139.466 0.0539212
139.477 0.0538291
139.489 0.0537373
139.5 0.0536458
139.512 0.0535544
139.524 0.0534633
139.535 0.0533724
139.547 0.0532818
139.558 0.0531914
139.57 0.0531012
139.582 0.0530112
139.593 0.0529215
139.605 0.052832
139.616 0.0527427
139.628 0.0526537
139.64 0.0525649
139.651 0.0524763
139.663 0.0523879
139.674 0.0522997
139.686 0.0522118
139.698 0.0521241
139.709 0.0520366
139.721 0.0519493
139.732 0.0518623
139.744 0.0517755
139.756 0.0516888
139.767 0.0516024
139.779 0.0515163
139.79 0.0514303
139.802 0.0513445
139.814 0.051259
139.825 0.0511737
139.837 0.0510886
139.848 0.0510037
139.86 0.050919
139.872 0.0508345
139.883 0.0507502
139.895 0.0506662
139.906 0.0505823
139.918 0.0504987
139.93 0.0504152
139.941 0.050332
139.953 0.050249
139.964 0.0501662
139.976 0.0500835
139.988 0.0500011
139.999 0.0499189
140.011 0.0498369
140.022 0.0497551
140.034 0.0496735
140.046 0.0495921
140.057 0.0495109
140.069 0.0494299
140.08 0.0493491
140.092 0.0492685
140.104 0.049188
140.115 0.0491078
140.127 0.0490278
140.138 0.048948
140.15 0.0488683
140.162 0.0487889
140.173 0.0487097
140.185 0.0486306
140.196 0.0485517
140.208 0.0484731
140.22 0.0483946
140.231 0.0483163
140.243 0.0482382
140.254 0.0481603
140.266 0.0480826
140.278 0.048005
140.289 0.0479277
140.301 0.0478505
140.312 0.0477736
140.324 0.0476968
140.336 0.0476202
140.347 0.0475437
140.359 0.0474675
140.37 0.0473914
140.382 0.0473156
140.394 0.0472399
140.405 0.0471644
140.417 0.047089
140.428 0.0470139
140.44 0.0469389
140.452 0.0468641
140.463 0.0467895
140.475 0.0467151
140.486 0.0466408
140.498 0.0465667
140.51 0.0464928
140.521 0.0464191
140.533 0.0463456
140.544 0.0462722
140.556 0.046199
140.568 0.0461259
140.579 0.0460531
140.591 0.0459804
140.602 0.0459079
140.614 0.0458355
140.626 0.0457634
140.637 0.0456914
140.649 0.0456195
140.66 0.0455479
140.672 0.0454764
140.684 0.045405
140.695 0.0453339
140.707 0.0452629
140.718 0.045192
140.73 0.0451214
140.742 0.0450509
140.753 0.0449805
140.765 0.0449104
140.776 0.0448404
140.788 0.0447705
140.8 0.0447009
140.811 0.0446313
140.823 0.044562
140.834 0.0444928
140.846 0.0444238
140.858 0.0443549
140.869 0.0442862
140.881 0.0442176
140.892 0.0441492
140.904 0.044081
140.916 0.0440129
140.927 0.043945
140.939 0.0438772
140.95 0.0438096
140.962 0.0437422
140.974 0.0436749
140.985 0.0436077
140.997 0.0435407
141.008 0.0434739
141.02 0.0434072
141.032 0.0433407
141.043 0.0432743
141.055 0.0432081
141.066 0.043142
141.078 0.0430761
141.09 0.0430103
141.101 0.0429447
141.113 0.0428793
141.124 0.0428139
141.136 0.0427488
141.148 0.0426837
141.159 0.0426189
141.171 0.0425541
141.182 0.0424896
141.194 0.0424251
141.206 0.0423608
141.217 0.0422967
141.229 0.0422327
141.24 0.0421689
141.252 0.0421052
141.264 0.0420416
141.275 0.0419782
141.287 0.0419149
141.298 0.0418518
141.31 0.0417888
141.322 0.0417259
141.333 0.0416632
141.345 0.0416007
141.356 0.0415382
141.368 0.041476
141.38 0.0414138
141.391 0.0413518
141.403 0.0412899
141.414 0.0412282
141.426 0.0411666
141.438 0.0411052
141.449 0.0410438
141.461 0.0409827
141.472 0.0409216
141.484 0.0408607
141.496 0.0408
141.507 0.0407393
141.519 0.0406788
141.53 0.0406185
141.542 0.0405582
141.554 0.0404981
141.565 0.0404382
141.577 0.0403783
141.588 0.0403186
141.6 0.0402591
141.612 0.0401996
141.623 0.0401403
141.635 0.0400812
141.646 0.0400221
141.658 0.0399632
141.67 0.0399044
141.681 0.0398458
141.693 0.0397872
141.704 0.0397288
141.716 0.0396706
141.728 0.0396124
141.739 0.0395544
141.751 0.0394965
141.762 0.0394388
141.774 0.0393812
141.786 0.0393237
141.797 0.0392663
141.809 0.039209
141.82 0.0391519
141.832 0.0390949
141.844 0.039038
141.855 0.0389812
141.867 0.0389246
141.878 0.0388681
141.89 0.0388117
141.902 0.0387555
141.913 0.0386993
141.925 0.0386433
141.936 0.0385874
141.948 0.0385316
141.96 0.038476
141.971 0.0384204
141.983 0.038365
141.994 0.0383097
142.006 0.0382545
142.018 0.0381995
142.029 0.0381445
142.041 0.0380897
142.052 0.038035
142.064 0.0379804
142.076 0.0379259
142.087 0.0378716
142.099 0.0378174
142.11 0.0377632
142.122 0.0377092
142.134 0.0376553
142.145 0.0376016
142.157 0.0375479
142.168 0.0374944
142.18 0.0374409
142.192 0.0373876
142.203 0.0373344
142.215 0.0372813
142.226 0.0372284
142.238 0.0371755
142.25 0.0371227
142.261 0.0370701
142.273 0.0370176
142.284 0.0369652
142.296 0.0369129
142.308 0.0368607
142.319 0.0368086
142.331 0.0367566
142.342 0.0367047
142.354 0.036653
142.366 0.0366014
142.377 0.0365498
142.389 0.0364984
142.4 0.0364471
142.412 0.0363959
142.424 0.0363448
142.435 0.0362938
142.447 0.0362429
142.458 0.0361921
142.47 0.0361414
142.482 0.0360909
142.493 0.0360404
142.505 0.03599
142.516 0.0359398
142.528 0.0358896
142.54 0.0358396
142.551 0.0357897
142.563 0.0357398
142.574 0.0356901
142.586 0.0356405
142.598 0.0355909
142.609 0.0355415
142.621 0.0354922
142.632 0.035443
142.644 0.0353939
142.656 0.0353449
142.667 0.035296
142.679 0.0352472
142.69 0.0351985
142.702 0.0351498
142.714 0.0351013
142.725 0.0350529
142.737 0.0350046
142.748 0.0349564
142.76 0.0349083
142.772 0.0348603
142.783 0.0348124
142.795 0.0347646
142.806 0.0347169
142.818 0.0346693
142.83 0.0346218
142.841 0.0345743
142.853 0.034527
142.864 0.0344798
142.876 0.0344327
142.888 0.0343856
142.899 0.0343387
142.911 0.0342919
142.922 0.0342451
142.934 0.0341985
142.946 0.0341519
142.957 0.0341055
142.969 0.0340591
142.98 0.0340128
142.992 0.0339667
143.004 0.0339206
143.015 0.0338746
143.027 0.0338287
143.038 0.0337829
143.05 0.0337372
143.062 0.0336916
143.073 0.0336461
143.085 0.0336006
143.096 0.0335553
143.108 0.03351
143.12 0.0334649
143.131 0.0334198
143.143 0.0333748
143.154 0.03333
143.166 0.0332852
143.178 0.0332405
143.189 0.0331959
143.201 0.0331513
143.212 0.0331069
143.224 0.0330626
143.236 0.0330183
143.247 0.0329741
143.259 0.0329301
143.27 0.0328861
143.282 0.0328422
143.294 0.0327983
143.305 0.0327546
143.317 0.032711
143.328 0.0326674
143.34 0.032624
143.352 0.0325806
143.363 0.0325373
143.375 0.0324941
143.386 0.032451
143.398 0.0324079
143.41 0.032365
143.421 0.0323221
143.433 0.0322793
143.444 0.0322366
143.456 0.032194
143.468 0.0321515
143.479 0.0321091
143.491 0.0320667
143.502 0.0320244
143.514 0.0319822
143.526 0.0319401
143.537 0.0318981
143.549 0.0318562
143.56 0.0318143
143.572 0.0317725
143.584 0.0317308
143.595 0.0316892
143.607 0.0316477
143.618 0.0316062
143.63 0.0315649
143.642 0.0315236
143.653 0.0314824
143.665 0.0314412
143.676 0.0314002
143.688 0.0313592
143.7 0.0313184
143.711 0.0312775
143.723 0.0312368
143.734 0.0311962
143.746 0.0311556
143.758 0.0311151
143.769 0.0310747
143.781 0.0310344
143.792 0.0309941
143.804 0.030954
143.816 0.0309139
143.827 0.0308738
143.839 0.0308339
143.85 0.030794
143.862 0.0307542
143.874 0.0307145
143.885 0.0306749
143.897 0.0306354
143.908 0.0305959
143.92 0.0305565
143.932 0.0305171
143.943 0.0304779
143.955 0.0304387
143.966 0.0303996
143.978 0.0303606
143.99 0.0303216
144.001 0.0302828
144.013 0.030244
144.024 0.0302052
144.036 0.0301666
144.048 0.030128
144.059 0.0300895
144.071 0.0300511
144.082 0.0300127
144.094 0.0299744
144.106 0.0299362
144.117 0.0298981
144.129 0.02986
144.14 0.029822
144.152 0.0297841
144.164 0.0297463
144.175 0.0297085
144.187 0.0296708
144.198 0.0296331
144.21 0.0295956
144.222 0.0295581
144.233 0.0295207
144.245 0.0294833
144.256 0.029446
144.268 0.0294088
144.28 0.0293717
144.291 0.0293346
144.303 0.0292976
144.314 0.0292607
144.326 0.0292239
144.338 0.0291871
144.349 0.0291504
144.361 0.0291137
144.372 0.0290771
144.384 0.0290406
144.396 0.0290042
144.407 0.0289678
144.419 0.0289315
144.43 0.0288953
144.442 0.0288591
144.454 0.028823
144.465 0.028787
144.477 0.028751
144.488 0.0287151
144.5 0.0286793
144.512 0.0286435
144.523 0.0286078
144.535 0.0285722
144.546 0.0285366
144.558 0.0285011
144.57 0.0284657
144.581 0.0284303
144.593 0.028395
144.604 0.0283598
144.616 0.0283246
144.628 0.0282895
144.639 0.0282545
144.651 0.0282195
144.662 0.0281846
144.674 0.0281497
144.686 0.028115
144.697 0.0280802
144.709 0.0280456
144.72 0.028011
144.732 0.0279765
144.744 0.027942
144.755 0.0279076
144.767 0.0278733
144.778 0.027839
144.79 0.0278048
144.802 0.0277707
144.813 0.0277366
144.825 0.0277026
144.836 0.0276686
144.848 0.0276347
144.86 0.0276009
144.871 0.0275671
144.883 0.0275334
144.894 0.0274998
144.906 0.0274662
144.918 0.0274327
144.929 0.0273992
144.941 0.0273658
144.952 0.0273325
144.964 0.0272992
144.976 0.027266
144.987 0.0272328
144.999 0.0271997
145.01 0.0271667
145.022 0.0271337
145.034 0.0271008
145.045 0.0270679
145.057 0.0270351
145.068 0.0270024
145.08 0.0269697
145.092 0.0269371
145.103 0.0269045
145.115 0.026872
145.126 0.0268396
145.138 0.0268072
145.15 0.0267749
145.161 0.0267426
145.173 0.0267104
145.184 0.0266783
145.196 0.0266462
145.208 0.0266141
145.219 0.0265822
145.231 0.0265502
145.242 0.0265184
145.254 0.0264866
145.266 0.0264548
145.277 0.0264231
145.289 0.0263915
145.3 0.0263599
145.312 0.0263284
145.324 0.0262969
145.335 0.0262655
145.347 0.0262342
145.358 0.0262029
145.37 0.0261717
145.382 0.0261405
145.393 0.0261093
145.405 0.0260783
145.416 0.0260473
145.428 0.0260163
145.44 0.0259854
145.451 0.0259545
145.463 0.0259237
145.474 0.025893
145.486 0.0258623
145.498 0.0258317
145.509 0.0258011
145.521 0.0257706
145.532 0.0257401
145.544 0.0257097
145.556 0.0256793
145.567 0.025649
145.579 0.0256188
145.59 0.0255886
145.602 0.0255584
145.614 0.0255283
145.625 0.0254983
145.637 0.0254683
145.648 0.0254383
145.66 0.0254085
145.672 0.0253786
145.683 0.0253489
145.695 0.0253191
145.706 0.0252895
145.718 0.0252598
145.73 0.0252303
145.741 0.0252007
145.753 0.0251713
145.764 0.0251419
145.776 0.0251125
145.788 0.0250832
145.799 0.0250539
145.811 0.0250247
145.822 0.0249956
145.834 0.0249664
145.846 0.0249374
145.857 0.0249084
145.869 0.0248794
145.88 0.0248505
145.892 0.0248217
145.904 0.0247929
145.915 0.0247641
145.927 0.0247354
145.938 0.0247067
145.95 0.0246781
145.962 0.0246496
145.973 0.0246211
145.985 0.0245926
145.996 0.0245642
146.008 0.0245359
146.02 0.0245075
146.031 0.0244793
146.043 0.0244511
146.054 0.0244229
146.066 0.0243948
146.078 0.0243667
146.089 0.0243387
146.101 0.0243107
146.112 0.0242828
146.124 0.024255
146.136 0.0242271
146.147 0.0241993
146.159 0.0241716
146.17 0.0241439
146.182 0.0241163
146.194 0.0240887
146.205 0.0240612
146.217 0.0240337
146.228 0.0240062
146.24 0.0239788
146.252 0.0239515
146.263 0.0239242
146.275 0.0238969
146.286 0.0238697
146.298 0.0238425
146.31 0.0238154
146.321 0.0237884
146.333 0.0237613
146.344 0.0237343
146.356 0.0237074
146.368 0.0236805
146.379 0.0236537
146.391 0.0236269
146.402 0.0236001
146.414 0.0235734
146.426 0.0235468
146.437 0.0235201
146.449 0.0234936
146.46 0.023467
146.472 0.0234406
146.484 0.0234141
146.495 0.0233877
146.507 0.0233614
146.518 0.0233351
146.53 0.0233088
146.542 0.0232826
146.553 0.0232564
146.565 0.0232303
146.576 0.0232042
146.588 0.0231782
146.6 0.0231522
146.611 0.0231262
146.623 0.0231003
146.634 0.0230745
146.646 0.0230486
146.658 0.0230229
146.669 0.0229971
146.681 0.0229714
146.692 0.0229458
146.704 0.0229202
146.716 0.0228946
146.727 0.0228691
146.739 0.0228436
146.75 0.0228182
146.762 0.0227928
146.774 0.0227674
146.785 0.0227421
146.797 0.0227169
146.808 0.0226917
146.82 0.0226665
146.832 0.0226413
146.843 0.0226162
146.855 0.0225912
146.866 0.0225662
146.878 0.0225412
146.89 0.0225163
146.901 0.0224914
146.913 0.0224665
146.924 0.0224417
146.936 0.0224169
146.948 0.0223922
146.959 0.0223675
146.971 0.0223429
146.982 0.0223183
146.994 0.0222937
147.006 0.0222692
147.017 0.0222447
147.029 0.0222203
147.04 0.0221959
147.052 0.0221715
147.064 0.0221472
147.075 0.0221229
147.087 0.0220987
147.098 0.0220745
147.11 0.0220503
147.122 0.0220262
147.133 0.0220021
147.145 0.021978
147.156 0.021954
147.168 0.0219301
147.18 0.0219061
147.191 0.0218823
147.203 0.0218584
147.214 0.0218346
147.226 0.0218108
147.238 0.0217871
147.249 0.0217634
147.261 0.0217398
147.272 0.0217161
147.284 0.0216926
147.296 0.021669
147.307 0.0216455
147.319 0.0216221
147.33 0.0215986
147.342 0.0215752
147.354 0.0215519
147.365 0.0215286
147.377 0.0215053
147.388 0.0214821
147.4 0.0214589
147.412 0.0214357
147.423 0.0214126
147.435 0.0213895
147.446 0.0213665
147.458 0.0213435
147.47 0.0213205
147.481 0.0212975
147.493 0.0212746
147.504 0.0212518
147.516 0.021229
147.528 0.0212062
147.539 0.0211834
147.551 0.0211607
147.562 0.021138
147.574 0.0211154
147.586 0.0210928
147.597 0.0210702
147.609 0.0210477
147.62 0.0210252
147.632 0.0210027
147.644 0.0209803
147.655 0.0209579
147.667 0.0209355
147.678 0.0209132
147.69 0.0208909
147.702 0.0208687
147.713 0.0208465
147.725 0.0208243
147.736 0.0208022
147.748 0.0207801
147.76 0.020758
147.771 0.0207359
147.783 0.0207139
147.794 0.020692
147.806 0.02067
147.818 0.0206482
147.829 0.0206263
147.841 0.0206045
147.852 0.0205827
147.864 0.0205609
147.876 0.0205392
147.887 0.0205175
147.899 0.0204958
147.91 0.0204742
147.922 0.0204526
147.934 0.0204311
147.945 0.0204096
147.957 0.0203881
147.968 0.0203666
147.98 0.0203452
147.992 0.0203238
148.003 0.0203025
148.015 0.0202812
148.026 0.0202599
148.038 0.0202386
148.05 0.0202174
148.061 0.0201963
148.073 0.0201751
148.084 0.020154
148.096 0.0201329
148.108 0.0201119
148.119 0.0200908
148.131 0.0200699
148.142 0.0200489
148.154 0.020028
148.166 0.0200071
148.177 0.0199863
148.189 0.0199654
148.2 0.0199446
148.212 0.0199239
148.224 0.0199032
148.235 0.0198825
148.247 0.0198618
148.258 0.0198412
148.27 0.0198206
148.282 0.0198
148.293 0.0197795
148.305 0.019759
148.316 0.0197385
148.328 0.0197181
148.34 0.0196977
148.351 0.0196773
148.363 0.019657
148.374 0.0196367
148.386 0.0196164
148.398 0.0195962
148.409 0.019576
148.421 0.0195558
148.432 0.0195356
148.444 0.0195155
148.456 0.0194954
148.467 0.0194754
148.479 0.0194553
148.49 0.0194353
148.502 0.0194154
148.514 0.0193954
148.525 0.0193755
148.537 0.0193557
148.548 0.0193358
148.56 0.019316
148.572 0.0192962
148.583 0.0192765
148.595 0.0192567
148.606 0.0192371
148.618 0.0192174
148.63 0.0191978
148.641 0.0191782
148.653 0.0191586
148.664 0.019139
148.676 0.0191195
148.688 0.0191001
148.699 0.0190806
148.711 0.0190612
148.722 0.0190418
148.734 0.0190224
148.746 0.0190031
148.757 0.0189838
148.769 0.0189645
148.78 0.0189453
148.792 0.0189261
148.804 0.0189069
148.815 0.0188877
148.827 0.0188686
148.838 0.0188495
148.85 0.0188304
148.862 0.0188114
148.873 0.0187924
148.885 0.0187734
148.896 0.0187544
148.908 0.0187355
148.92 0.0187166
148.931 0.0186977
148.943 0.0186789
148.954 0.0186601
148.966 0.0186413
148.978 0.0186225
148.989 0.0186038
149.001 0.0185851
149.012 0.0185664
149.024 0.0185478
149.036 0.0185292
149.047 0.0185106
149.059 0.018492
149.07 0.0184735
149.082 0.018455
149.094 0.0184365
149.105 0.0184181
149.117 0.0183997
149.128 0.0183813
149.14 0.0183629
149.152 0.0183446
149.163 0.0183262
149.175 0.018308
149.186 0.0182897
149.198 0.0182715
149.21 0.0182533
149.221 0.0182351
149.233 0.018217
149.244 0.0181988
149.256 0.0181808
149.268 0.0181627
149.279 0.0181446
149.291 0.0181266
149.302 0.0181086
149.314 0.0180907
149.326 0.0180728
149.337 0.0180549
149.349 0.018037
149.36 0.0180191
149.372 0.0180013
149.384 0.0179835
149.395 0.0179657
149.407 0.017948
149.418 0.0179303
149.43 0.0179126
149.442 0.0178949
149.453 0.0178773
149.465 0.0178596
149.476 0.0178421
149.488 0.0178245
149.5 0.017807
149.511 0.0177894
149.523 0.017772
149.534 0.0177545
149.546 0.0177371
149.558 0.0177197
149.569 0.0177023
149.581 0.0176849
149.592 0.0176676
149.604 0.0176503
149.616 0.017633
149.627 0.0176157
149.639 0.0175985
149.65 0.0175813
149.662 0.0175641
149.674 0.017547
149.685 0.0175298
149.697 0.0175127
149.708 0.0174956
149.72 0.0174786
149.732 0.0174616
149.743 0.0174446
149.755 0.0174276
149.766 0.0174106
149.778 0.0173937
149.79 0.0173768
149.801 0.0173599
149.813 0.017343
149.824 0.0173262
149.836 0.0173094
149.848 0.0172926
149.859 0.0172759
149.871 0.0172591
149.882 0.0172424
149.894 0.0172257
149.906 0.0172091
149.917 0.0171924
149.929 0.0171758
149.94 0.0171592
149.952 0.0171427
149.964 0.0171261
149.975 0.0171096
149.987 0.0170931
149.998 0.0170766
150.01 0.0170602
150.022 0.0170438
150.033 0.0170274
150.045 0.017011
150.056 0.0169946
150.068 0.0169783
150.08 0.016962
150.091 0.0169457
150.103 0.0169295
150.114 0.0169132
150.126 0.016897
150.138 0.0168808
150.149 0.0168647
150.161 0.0168485
150.172 0.0168324
150.184 0.0168163
150.196 0.0168002
150.207 0.0167842
150.219 0.0167682
150.23 0.0167522
150.242 0.0167362
150.254 0.0167202
150.265 0.0167043
150.277 0.0166884
150.288 0.0166725
150.3 0.0166566
150.312 0.0166408
150.323 0.016625
150.335 0.0166092
150.346 0.0165934
150.358 0.0165776
150.37 0.0165619
150.381 0.0165462
150.393 0.0165305
150.404 0.0165148
150.416 0.0164992
150.428 0.0164836
150.439 0.016468
150.451 0.0164524
150.462 0.0164368
150.474 0.0164213
150.486 0.0164058
150.497 0.0163903
150.509 0.0163749
150.52 0.0163594
150.532 0.016344
150.544 0.0163286
150.555 0.0163132
150.567 0.0162978
150.578 0.0162825
150.59 0.0162672
150.602 0.0162519
150.613 0.0162366
150.625 0.0162214
150.636 0.0162062
150.648 0.016191
150.66 0.0161758
150.671 0.0161606
150.683 0.0161455
150.694 0.0161303
150.706 0.0161152
150.718 0.0161002
150.729 0.0160851
150.741 0.0160701
150.752 0.0160551
150.764 0.0160401
150.776 0.0160251
150.787 0.0160101
150.799 0.0159952
150.81 0.0159803
150.822 0.0159654
150.834 0.0159505
150.845 0.0159357
150.857 0.0159209
150.868 0.0159061
150.88 0.0158913
150.892 0.0158765
150.903 0.0158618
150.915 0.015847
150.926 0.0158323
150.938 0.0158176
150.95 0.015803
150.961 0.0157883
150.973 0.0157737
150.984 0.0157591
150.996 0.0157445
151.008 0.01573
151.019 0.0157154
151.031 0.0157009
151.042 0.0156864
151.054 0.0156719
151.066 0.0156575
151.077 0.015643
151.089 0.0156286
151.1 0.0156142
151.112 0.0155998
151.124 0.0155855
151.135 0.0155711
151.147 0.0155568
151.158 0.0155425
151.17 0.0155282
151.182 0.015514
151.193 0.0154997
151.205 0.0154855
151.216 0.0154713
151.228 0.0154571
151.24 0.0154429
151.251 0.0154288
151.263 0.0154147
151.274 0.0154006
151.286 0.0153865
151.298 0.0153724
151.309 0.0153583
151.321 0.0153443
151.332 0.0153303
151.344 0.0153163
151.356 0.0153023
151.367 0.0152884
151.379 0.0152745
151.39 0.0152605
151.402 0.0152466
151.414 0.0152328
151.425 0.0152189
151.437 0.0152051
151.448 0.0151913
151.46 0.0151775
151.472 0.0151637
151.483 0.0151499
151.495 0.0151362
151.506 0.0151224
151.518 0.0151087
151.53 0.015095
151.541 0.0150814
151.553 0.0150677
151.564 0.0150541
151.576 0.0150405
151.588 0.0150269
151.599 0.0150133
151.611 0.0149997
151.622 0.0149862
151.634 0.0149727
151.646 0.0149592
151.657 0.0149457
151.669 0.0149322
151.68 0.0149188
151.692 0.0149053
151.704 0.0148919
151.715 0.0148785
151.727 0.0148651
151.738 0.0148518
151.75 0.0148384
151.762 0.0148251
151.773 0.0148118
151.785 0.0147985
151.796 0.0147852
151.808 0.014772
151.82 0.0147588
151.831 0.0147455
151.843 0.0147323
151.854 0.0147192
151.866 0.014706
151.878 0.0146929
151.889 0.0146797
151.901 0.0146666
151.912 0.0146535
151.924 0.0146404
151.936 0.0146274
151.947 0.0146143
151.959 0.0146013
151.97 0.0145883
151.982 0.0145753
151.994 0.0145624
152.005 0.0145494
152.017 0.0145365
152.028 0.0145235
152.04 0.0145106
152.052 0.0144978
152.063 0.0144849
152.075 0.014472
152.086 0.0144592
152.098 0.0144464
152.11 0.0144336
152.121 0.0144208
152.133 0.014408
152.144 0.0143953
152.156 0.0143826
152.168 0.0143698
152.179 0.0143572
152.191 0.0143445
152.202 0.0143318
152.214 0.0143192
152.226 0.0143065
152.237 0.0142939
152.249 0.0142813
152.26 0.0142687
152.272 0.0142562
152.284 0.0142436
152.295 0.0142311
152.307 0.0142186
152.318 0.0142061
152.33 0.0141936
152.342 0.0141811
152.353 0.0141687
152.365 0.0141562
152.376 0.0141438
152.388 0.0141314
152.4 0.014119
152.411 0.0141067
152.423 0.0140943
152.434 0.014082
152.446 0.0140697
152.458 0.0140574
152.469 0.0140451
152.481 0.0140328
152.492 0.0140206
152.504 0.0140083
152.516 0.0139961
152.527 0.0139839
152.539 0.0139717
152.55 0.0139595
152.562 0.0139474
152.574 0.0139352
152.585 0.0139231
152.597 0.013911
152.608 0.0138989
152.62 0.0138868
152.632 0.0138748
152.643 0.0138627
152.655 0.0138507
152.666 0.0138387
152.678 0.0138267
152.69 0.0138147
152.701 0.0138027
152.713 0.0137907
152.724 0.0137788
152.736 0.0137669
152.748 0.013755
152.759 0.0137431
152.771 0.0137312
152.782 0.0137193
152.794 0.0137075
152.806 0.0136957
152.817 0.0136839
152.829 0.0136721
152.84 0.0136603
152.852 0.0136485
152.864 0.0136367
152.875 0.013625
152.887 0.0136133
152.898 0.0136016
152.91 0.0135899
152.922 0.0135782
152.933 0.0135665
152.945 0.0135549
152.956 0.0135432
152.968 0.0135316
152.98 0.01352
152.991 0.0135084
153.003 0.0134969
153.014 0.0134853
153.026 0.0134738
153.038 0.0134622
153.049 0.0134507
153.061 0.0134392
153.072 0.0134277
153.084 0.0134163
153.096 0.0134048
153.107 0.0133934
153.119 0.0133819
153.13 0.0133705
153.142 0.0133591
153.154 0.0133477
153.165 0.0133364
153.177 0.013325
153.188 0.0133137
153.2 0.0133023
153.212 0.013291
153.223 0.0132797
153.235 0.0132685
153.246 0.0132572
153.258 0.0132459
153.27 0.0132347
153.281 0.0132235
153.293 0.0132123
153.304 0.0132011
153.316 0.0131899
153.328 0.0131787
153.339 0.0131676
153.351 0.0131564
153.362 0.0131453
153.374 0.0131342
153.386 0.0131231
153.397 0.013112
153.409 0.0131009
153.42 0.0130899
153.432 0.0130788
153.444 0.0130678
153.455 0.0130568
153.467 0.0130458
153.478 0.0130348
153.49 0.0130238
153.502 0.0130129
153.513 0.0130019
153.525 0.012991
153.536 0.0129801
153.548 0.0129692
153.56 0.0129583
153.571 0.0129474
153.583 0.0129366
153.594 0.0129257
153.606 0.0129149
153.618 0.0129041
153.629 0.0128933
153.641 0.0128825
153.652 0.0128717
153.664 0.0128609
153.676 0.0128502
153.687 0.0128394
153.699 0.0128287
153.71 0.012818
153.722 0.0128073
153.734 0.0127966
153.745 0.0127859
153.757 0.0127753
153.768 0.0127646
153.78 0.012754
153.792 0.0127434
153.803 0.0127328
153.815 0.0127222
153.826 0.0127116
153.838 0.012701
153.85 0.0126905
153.861 0.0126799
153.873 0.0126694
153.884 0.0126589
153.896 0.0126484
153.908 0.0126379
153.919 0.0126274
153.931 0.012617
153.942 0.0126065
153.954 0.0125961
153.966 0.0125857
153.977 0.0125753
153.989 0.0125649
154 0.0125545
154.012 0.0125441
154.024 0.0125338
154.035 0.0125234
154.047 0.0125131
154.058 0.0125028
154.07 0.0124925
154.082 0.0124822
154.093 0.0124719
154.105 0.0124616
154.116 0.0124513
154.128 0.0124411
154.14 0.0124309
154.151 0.0124207
154.163 0.0124105
154.174 0.0124003
154.186 0.0123901
154.198 0.0123799
154.209 0.0123698
154.221 0.0123596
154.232 0.0123495
154.244 0.0123394
154.256 0.0123293
154.267 0.0123192
154.279 0.0123091
154.29 0.012299
154.302 0.012289
154.314 0.0122789
154.325 0.0122689
154.337 0.0122589
154.348 0.0122489
154.36 0.0122389
154.372 0.0122289
154.383 0.0122189
154.395 0.0122089
154.406 0.012199
154.418 0.0121891
154.43 0.0121791
154.441 0.0121692
154.453 0.0121593
154.464 0.0121495
154.476 0.0121396
154.488 0.0121297
154.499 0.0121199
154.511 0.01211
154.522 0.0121002
154.534 0.0120904
154.546 0.0120806
154.557 0.0120708
154.569 0.012061
154.58 0.0120513
154.592 0.0120415
154.604 0.0120318
154.615 0.012022
154.627 0.0120123
154.638 0.0120026
154.65 0.0119929
154.662 0.0119832
154.673 0.0119736
154.685 0.0119639
154.696 0.0119542
154.708 0.0119446
154.72 0.011935
154.731 0.0119254
154.743 0.0119158
154.754 0.0119062
154.766 0.0118966
154.778 0.011887
154.789 0.0118775
154.801 0.0118679
154.812 0.0118584
154.824 0.0118489
154.836 0.0118394
154.847 0.0118299
154.859 0.0118204
154.87 0.0118109
154.882 0.0118014
154.894 0.011792
154.905 0.0117826
154.917 0.0117731
154.928 0.0117637
154.94 0.0117543
154.952 0.0117449
154.963 0.0117355
154.975 0.0117261
154.986 0.0117168
154.998 0.0117074
155.01 0.0116981
155.021 0.0116888
155.033 0.0116794
155.044 0.0116701
155.056 0.0116608
155.068 0.0116516
155.079 0.0116423
155.091 0.011633
155.102 0.0116238
155.114 0.0116145
155.126 0.0116053
155.137 0.0115961
155.149 0.0115869
155.16 0.0115777
155.172 0.0115685
155.184 0.0115593
155.195 0.0115502
155.207 0.011541
155.218 0.0115319
155.23 0.0115227
155.242 0.0115136
155.253 0.0115045
155.265 0.0114954
155.276 0.0114863
155.288 0.0114772
155.3 0.0114682
155.311 0.0114591
155.323 0.0114501
155.334 0.011441
155.346 0.011432
155.358 0.011423
155.369 0.011414
155.381 0.011405
155.392 0.011396
155.404 0.0113871
155.416 0.0113781
155.427 0.0113692
155.439 0.0113602
155.45 0.0113513
155.462 0.0113424
155.474 0.0113335
155.485 0.0113246
155.497 0.0113157
155.508 0.0113068
155.52 0.0112979
155.532 0.0112891
155.543 0.0112802
155.555 0.0112714
155.566 0.0112626
155.578 0.0112538
155.59 0.011245
155.601 0.0112362
155.613 0.0112274
155.624 0.0112186
155.636 0.0112099
155.648 0.0112011
155.659 0.0111924
155.671 0.0111836
155.682 0.0111749
155.694 0.0111662
155.706 0.0111575
155.717 0.0111488
155.729 0.0111401
155.74 0.0111315
155.752 0.0111228
155.764 0.0111142
155.775 0.0111055
155.787 0.0110969
155.798 0.0110883
155.81 0.0110797
155.822 0.0110711
155.833 0.0110625
155.845 0.0110539
155.856 0.0110453
155.868 0.0110368
155.88 0.0110282
155.891 0.0110197
155.903 0.0110111
155.914 0.0110026
155.926 0.0109941
155.938 0.0109856
155.949 0.0109771
155.961 0.0109686
155.972 0.0109602
155.984 0.0109517
155.996 0.0109433
156.007 0.0109348
156.019 0.0109264
156.03 0.010918
156.042 0.0109096
156.054 0.0109012
156.065 0.0108928
156.077 0.0108844
156.088 0.010876
156.1 0.0108676
156.112 0.0108593
156.123 0.0108509
156.135 0.0108426
156.146 0.0108343
156.158 0.010826
156.17 0.0108177
156.181 0.0108094
156.193 0.0108011
156.204 0.0107928
156.216 0.0107845
156.228 0.0107763
156.239 0.010768
156.251 0.0107598
156.262 0.0107516
156.274 0.0107433
156.286 0.0107351
156.297 0.0107269
156.309 0.0107187
156.32 0.0107106
156.332 0.0107024
156.344 0.0106942
156.355 0.0106861
156.367 0.0106779
156.378 0.0106698
156.39 0.0106617
156.402 0.0106535
156.413 0.0106454
156.425 0.0106373
156.436 0.0106292
156.448 0.0106212
156.46 0.0106131
156.471 0.010605
156.483 0.010597
156.494 0.0105889
156.506 0.0105809
156.518 0.0105729
156.529 0.0105648
156.541 0.0105568
156.552 0.0105488
156.564 0.0105409
156.576 0.0105329
156.587 0.0105249
156.599 0.0105169
156.61 0.010509
156.622 0.010501
156.634 0.0104931
156.645 0.0104852
156.657 0.0104773
156.668 0.0104694
156.68 0.0104615
156.692 0.0104536
156.703 0.0104457
156.715 0.0104378
156.726 0.01043
156.738 0.0104221
156.75 0.0104143
156.761 0.0104064
156.773 0.0103986
156.784 0.0103908
156.796 0.010383
156.808 0.0103752
156.819 0.0103674
156.831 0.0103596
156.842 0.0103518
156.854 0.010344
156.866 0.0103363
156.877 0.0103285
156.889 0.0103208
156.9 0.0103131
156.912 0.0103053
156.924 0.0102976
156.935 0.0102899
156.947 0.0102822
156.958 0.0102745
156.97 0.0102668
156.982 0.0102592
156.993 0.0102515
157.005 0.0102439
157.016 0.0102362
157.028 0.0102286
157.04 0.010221
157.051 0.0102133
157.063 0.0102057
157.074 0.0101981
157.086 0.0101905
157.098 0.0101829
157.109 0.0101754
157.121 0.0101678
157.132 0.0101602
157.144 0.0101527
157.156 0.0101451
157.167 0.0101376
157.179 0.0101301
157.19 0.0101226
157.202 0.010115
157.214 0.0101075
157.225 0.0101
157.237 0.0100926
157.248 0.0100851
157.26 0.0100776
157.272 0.0100702
157.283 0.0100627
157.295 0.0100553
157.306 0.0100478
157.318 0.0100404
157.33 0.010033
157.341 0.0100256
157.353 0.0100182
157.364 0.0100108
157.376 0.0100034
157.388 0.00999601
157.399 0.00998864
157.411 0.00998128
157.422 0.00997393
157.434 0.00996658
157.446 0.00995924
157.457 0.00995191
157.469 0.00994459
157.48 0.00993728
157.492 0.00992998
157.504 0.00992268
157.515 0.00991539
157.527 0.00990811
157.538 0.00990084
157.55 0.00989357
157.562 0.00988631
157.573 0.00987907
157.585 0.00987182
157.596 0.00986459
157.608 0.00985737
157.62 0.00985015
157.631 0.00984294
157.643 0.00983574
157.654 0.00982855
157.666 0.00982136
157.678 0.00981418
157.689 0.00980701
157.701 0.00979985
157.712 0.0097927
157.724 0.00978555
157.736 0.00977841
157.747 0.00977128
157.759 0.00976416
157.77 0.00975704
157.782 0.00974994
157.794 0.00974284
157.805 0.00973575
157.817 0.00972866
157.828 0.00972159
157.84 0.00971452
157.852 0.00970746
157.863 0.0097004
157.875 0.00969336
157.886 0.00968632
157.898 0.00967929
157.91 0.00967227
157.921 0.00966525
157.933 0.00965825
157.944 0.00965125
157.956 0.00964425
157.968 0.00963727
157.979 0.00963029
157.991 0.00962332
158.002 0.00961636
158.014 0.00960941
158.026 0.00960246
158.037 0.00959552
158.049 0.00958859
158.06 0.00958167
158.072 0.00957475
158.084 0.00956784
158.095 0.00956094
158.107 0.00955405
158.118 0.00954716
158.13 0.00954028
158.142 0.00953341
158.153 0.00952654
158.165 0.00951969
158.176 0.00951284
158.188 0.00950599
158.2 0.00949916
158.211 0.00949233
158.223 0.00948551
158.234 0.0094787
158.246 0.00947189
158.258 0.0094651
158.269 0.00945831
158.281 0.00945152
158.292 0.00944475
158.304 0.00943798
158.316 0.00943122
158.327 0.00942446
158.339 0.00941771
158.35 0.00941097
158.362 0.00940424
158.374 0.00939752
158.385 0.0093908
158.397 0.00938409
158.408 0.00937738
158.42 0.00937069
158.432 0.009364
158.443 0.00935731
158.455 0.00935064
158.466 0.00934397
158.478 0.00933731
158.49 0.00933066
158.501 0.00932401
158.513 0.00931737
158.524 0.00931074
158.536 0.00930411
158.548 0.00929749
158.559 0.00929088
158.571 0.00928428
158.582 0.00927768
158.594 0.00927109
158.606 0.00926451
158.617 0.00925793
158.629 0.00925136
158.64 0.0092448
158.652 0.00923824
158.664 0.0092317
158.675 0.00922516
158.687 0.00921862
158.698 0.00921209
158.71 0.00920557
158.722 0.00919906
158.733 0.00919255
158.745 0.00918605
158.756 0.00917956
158.768 0.00917307
158.78 0.0091666
158.791 0.00916012
158.803 0.00915366
158.814 0.0091472
158.826 0.00914075
158.838 0.0091343
158.849 0.00912786
158.861 0.00912143
158.872 0.00911501
158.884 0.00910859
158.896 0.00910218
158.907 0.00909578
158.919 0.00908938
158.93 0.00908299
158.942 0.0090766
158.954 0.00907023
158.965 0.00906386
158.977 0.00905749
158.988 0.00905113
