-3 -0.999977894851102
-2.875 -0.999952120464865
-2.75 -0.999899338666567
-2.625 -0.999794564994445
-2.5 -0.999592964536606
-2.375 -0.999216952820867
-2.25 -0.99853715334125
-2.125 -0.99734583210427
-2 -0.995322139581219
-1.875 -0.99198997276661
-1.75 -0.986671652155294
-1.625 -0.978443791119842
-1.5 -0.966105266402972
-1.375 -0.948170209967293
-1.25 -0.922900219942947
-1.125 -0.888388226979099
-1 -0.84270068974759
-0.875 -0.784074925009414
-0.75 -0.711155569636656
-0.625 -0.623240952417462
-0.5 -0.520500016304747
-0.375 -0.40411694412452
-0.25 -0.276326261353527
-0.125 -0.140316192477912
0 9.99999971718069E-10
0.125 0.140316192477912
0.25 0.276326261353527
0.375 0.40411694412452
0.5 0.520500016304747
0.625 0.623240952417462
0.75 0.711155569636656
0.875 0.784074925009414
1 0.84270068974759
1.125 0.888388226979099
1.25 0.922900219942947
1.375 0.948170209967293
1.5 0.966105266402972
1.625 0.978443791119842
1.75 0.986671652155294
1.875 0.99198997276661
2 0.995322139581219
2.125 0.99734583210427
2.25 0.99853715334125
2.375 0.999216952820867
2.5 0.999592964536606
2.625 0.999794564994445
2.75 0.999899338666567
2.875 0.999952120464865


-4.96875 -0.281697502650528
-4.84375 -0.0723412826738796
-4.71875 -0.0543261393051431
-4.59375 -0.0538808335654222
-4.46875 -0.0634179677881945
-4.34375 -0.08732161611834
-4.21875 -0.147649628949514
-4.09375 -0.391176950417178
-3.96875 1.39968446629481
-3.84375 0.350403087951604
-3.71875 0.256351469846144
-3.59375 0.247515079191158
-3.46875 0.283399043553494
-3.34375 0.379303270014039
-3.21875 0.622896872130761
-3.09375 1.60138064077032
-2.96875 -5.55499772560754
-2.84375 -1.34686186931398
-2.71875 -0.953307028490347
-2.59375 -0.889507315843226
-2.46875 -0.983040432326183
-2.34375 -1.26829530910944
-2.21875 -2.00494930717088
-2.09375 -4.9542713573832
-1.96875 16.4913994978974
-1.84375 3.83013844086163
-1.71875 2.59180348370813
-1.59375 2.30715960046837
-1.46875 2.42688106730526
-1.34375 2.97256713072526
-1.21875 4.4484812752854
-1.09375 10.3730056545211
-0.96875 -32.4674427614854
-0.84375 -7.06181775033863
-0.71875 -4.45466223762335
-0.59375 -3.67703561324646
-0.46875 -3.56448156760461
-0.34375 -3.99438708191207
-0.21875 -5.42158655425408
-0.09375 -11.3454749346324
0.03125 31.4528351808321
0.15625 5.95840872788513
0.28125 3.20178848383721
0.40625 2.18323989573259
0.53125 1.67085073509522
0.65625 1.37307055963951
0.78125 1.18597205894704
0.90625 1.06363827530952
1.03125 0.982901099401004
1.15625 0.931001363732052
1.28125 0.900503011079215
1.40625 0.886941207641363
1.53125 0.887639453019336
1.65625 0.901077554763427
1.78125 0.926540671052376
1.90625 0.963922186999257
2.03125 1.01361675875729
2.15625 1.07647032681519
2.28125 1.15376948294524
2.40625 1.24726107324567
2.53125 1.35919791243586
2.65625 1.49240970007693
2.78125 1.65040057031205
2.90625 1.83747666896733
3.03125 2.05890904122574
3.15625 2.32113914219524
3.28125 2.63203663296884
3.40625 3.00122195749739
3.53125 3.44046971585327
3.65625 3.96421326582934
3.78125 4.59017658618037
3.90625 5.34016656918631
4.03125 6.24106803121551
4.15625 7.32609541755374
4.28125 8.636370201929
4.40625 10.2229122927255
4.53125 12.1491586841069
4.65625 14.4941547531885
4.78125 17.3566052164945
4.90625 20.860025660884


0.0625 15.4812810833972
0.125 7.53394159963484
0.1875 4.91511347433505
0.25 3.62560990858839
0.3125 2.86609174421345
0.375 2.3704361846348
0.4375 2.02481056102909
0.5 1.77245385105429
0.5625 1.58194556788697
0.625 1.43451884820048
0.6875 1.31829742240715
0.75 1.225416702551
0.8125 1.15047544935159
0.875 1.08965235749273
0.9375 1.04017701125056
1 1.00000000012234
1.0625 0.967580067712323
1.125 0.941742699954355
1.1875 0.921583776437822
1.25 0.906402477147098
1.3125 0.895653670066703
1.375 0.888913569238052
1.4375 0.885854620450229
1.5 0.886226925527145
1.5625 0.889844381936422
1.625 0.896574280125299
1.6875 0.906329477904914
1.75 0.91906252691325
1.8125 0.934761302598168
1.875 0.953445812806137
1.9375 0.975165948047399
2 1.00000000012234
2.0625 1.02805382194434
2.125 1.05946053744865
2.1875 1.09438073451991
2.25 1.13300309643387
2.3125 1.17554544196255
2.375 1.22225615770232
2.4375 1.2734160168972
2.5 1.32934038829072
2.5625 1.39038184677566
2.625 1.45693320520361
2.6875 1.52943099396454
2.75 1.60835942209819
2.8125 1.69425486095918
2.875 1.78771089901151
2.9375 1.88938402434183
3 2.00000000024468
3.0625 2.12036100776021
3.125 2.25135364207838
3.1875 2.39395785676231
3.25 2.54925696697621
3.3125 2.71844883453839
3.375 2.90285837454301
3.4375 3.10395154118693
3.5 3.32335097072679
3.5625 3.56285348236263
3.625 3.82444966365948
3.6875 4.11034579627971
3.75 4.42298841077002
3.8125 4.76509179644769
3.875 5.13966883465808
3.9375 5.55006557150414
4 6.00000000073404
4.0625 6.49360558626564
4.125 7.03548013149494
4.1875 7.63074066842987
4.25 8.28508514267269
4.3125 9.00486176440842
4.375 9.79714701408267
4.4375 10.6698334228301
4.5 11.6317283975438
4.5625 12.6926655309169
4.625 13.8636300307656
4.6875 15.1569001237814
4.75 16.5862065403876
4.8125 18.1669124739568
4.875 19.9162167343001
4.9375 21.8533831877976
5 24.0000000029362
5.0625 26.3802726942042
5.125 29.0213555424166
5.1875 31.9537265490501
5.25 35.2116118563589
5.3125 38.8334663590113
5.375 42.8625181866117
5.4375 47.3473858138085
5.5 52.342777788947
5.5625 57.9102864848082
5.625 64.119288892291
5.6875 71.0479693302255
5.75 78.7844810668409
5.8125 87.4282662809172
5.875 97.0915565797128
5.9375 107.90107948975
6 120.000000014681
6.0625 133.550130514409
6.125 148.734447154885
6.1875 165.759956473197
6.25 184.860962245884
6.3125 206.302790032248
6.375 230.386035253038
6.4375 257.451410362584
6.5 287.885277839208
6.5625 322.125968571746
6.625 360.671000019137
6.6875 404.085325565657
6.75 453.010766134335
6.8125 508.176797757831
6.875 570.412894905813
6.9375 640.662659470393
7 720.000000088085
7.0625 809.647666243602
7.125 910.998488823671
7.1875 1025.63973067791
7.25 1155.38101403678
7.3125 1302.28636207856
7.375 1468.71097473812
7.4375 1657.34345420913
7.5 1871.25430595485
7.5625 2113.95166875208
7.625 2389.44537512678
7.6875 2702.32061472033
7.75 3057.82267140676
7.8125 3461.95443472522
7.875 3921.58865247746
7.9375 4444.59720007585
8 5040.00000061659
8.0625 5718.13664284544
8.125 6490.86423286866
8.1875 7371.78556424746
8.25 8376.51235176664
8.3125 9522.96902269949
8.375 10831.7434386936
8.4375 12326.4919406804
8.5 14034.4072946614
8.5625 15986.7594949376
8.625 18219.5209853417
8.6875 20774.0897256626
8.75 23698.1257034024
8.8125 27046.5190212908
8.875 30882.51063826
8.9375 35278.9902756021
9 40320.0000049328
9.0625 46102.4766829413
9.125 52738.2718920578
9.1875 60356.4943072761
9.25 69106.2269020747
9.3125 79159.6800011895
9.375 90715.8512990589
9.4375 104004.775749491
9.5 119292.462004622
9.5625 136886.628175403
9.625 157143.368498572
9.6875 180474.904491694
9.75 207358.599904771
9.8125 238347.448875125
9.875 274082.281914558
9.9375 315305.975588194
10 362880.000021302
