310.883
282.398
220.771
222.772
264.305
277.535
291.523
243.635
242.319
258.225
247.085
284.074
296.23
281.424
284.417
253.986
263.085
261.941
288.878
288.615
n = 200000
p = [-8.41041, -21.6656, 7.08639]
    [17.1933, 3.68147, 2.63088]
    [1.02789, 7.92627, 0.771801]
0.331752



-1 1
-0.980198 0.960788
-0.960396 0.922361
-0.940594 0.884717
-0.920792 0.847858
-0.90099 0.811783
-0.881188 0.776493
-0.861386 0.741986
-0.841584 0.708264
-0.821782 0.675326
-0.80198 0.643172
-0.782178 0.611803
-0.762376 0.581218
-0.742574 0.551417
-0.722772 0.5224
-0.70297 0.494167
-0.683168 0.466719
-0.663366 0.440055
-0.643564 0.414175
-0.623762 0.38908
-0.60396 0.364768
-0.584158 0.341241
-0.564356 0.318498
-0.544554 0.29654
-0.524752 0.275365
-0.50495 0.254975
-0.485149 0.235369
-0.465347 0.216547
-0.445545 0.19851
-0.425743 0.181257
-0.405941 0.164788
-0.386139 0.149103
-0.366337 0.134203
-0.346535 0.120086
-0.326733 0.106754
-0.306931 0.0942065
-0.287129 0.0824429
-0.267327 0.0714636
-0.247525 0.0612685
-0.227723 0.0518577
-0.207921 0.0432311
-0.188119 0.0353887
-0.168317 0.0283306
-0.148515 0.0220567
-0.128713 0.016567
-0.108911 0.0118616
-0.0891089 0.0079404
-0.0693069 0.00480345
-0.049505 0.00245074
-0.029703 0.000882266
-0.00990099 9.80296e-05
0.00990099 9.80296e-05
0.029703 0.000882266
0.049505 0.00245074
0.0693069 0.00480345
0.0891089 0.0079404
0.108911 0.0118616
0.128713 0.016567
0.148515 0.0220567
0.168317 0.0283306
0.188119 0.0353887
0.207921 0.0432311
0.227723 0.0518577
0.247525 0.0612685
0.267327 0.0714636
0.287129 0.0824429
0.306931 0.0942065
0.326733 0.106754
0.346535 0.120086
0.366337 0.134203
0.386139 0.149103
0.405941 0.164788
0.425743 0.181257
0.445545 0.19851
0.465347 0.216547
0.485149 0.235369
0.50495 0.254975
0.524752 0.275365
0.544554 0.29654
0.564356 0.318498
0.584158 0.341241
0.60396 0.364768
0.623762 0.38908
0.643564 0.414175
0.663366 0.440055
0.683168 0.466719
0.70297 0.494167
0.722772 0.5224
0.742574 0.551417
0.762376 0.581218
0.782178 0.611803
0.80198 0.643172
0.821782 0.675326
0.841584 0.708264
0.861386 0.741986
0.881188 0.776493
0.90099 0.811783
0.920792 0.847858
0.940594 0.884717
0.960396 0.922361



-1 0.367733
-0.980198 0.368341
-0.960396 0.368947
-0.940594 0.369549
-0.920792 0.370148
-0.90099 0.370745
-0.881188 0.371338
-0.861386 0.371929
-0.841584 0.372516
-0.821782 0.373101
-0.80198 0.373682
-0.782178 0.37426
-0.762376 0.374835
-0.742574 0.375408
-0.722772 0.375976
-0.70297 0.376542
-0.683168 0.377105
-0.663366 0.377664
-0.643564 0.37822
-0.623762 0.378773
-0.60396 0.379323
-0.584158 0.379869
-0.564356 0.380412
-0.544554 0.380952
-0.524752 0.381488
-0.50495 0.382021
-0.485149 0.38255
-0.465347 0.383076
-0.445545 0.383598
-0.425743 0.384117
-0.405941 0.384632
-0.386139 0.385144
-0.366337 0.385652
-0.346535 0.386156
-0.326733 0.386656
-0.306931 0.387153
-0.287129 0.387646
-0.267327 0.388135
-0.247525 0.388621
-0.227723 0.389102
-0.207921 0.389579
-0.188119 0.390053
-0.168317 0.390522
-0.148515 0.390987
-0.128713 0.391448
-0.108911 0.391905
-0.0891089 0.392358
-0.0693069 0.392806
-0.049505 0.39325
-0.029703 0.393689
-0.00990099 0.394124
0.00990099 0.394555
0.029703 0.394981
0.049505 0.395402
0.0693069 0.395818
0.0891089 0.39623
0.108911 0.396637
0.128713 0.397039
0.148515 0.397436
0.168317 0.397828
0.188119 0.398215
0.207921 0.398596
0.227723 0.398973
0.247525 0.399344
0.267327 0.399709
0.287129 0.400069
0.306931 0.400424
0.326733 0.400772
0.346535 0.401115
0.366337 0.401452
0.386139 0.401783
0.405941 0.402109
0.425743 0.402428
0.445545 0.40274
0.465347 0.403047
0.485149 0.403347
0.50495 0.40364
0.524752 0.403927
0.544554 0.404207
0.564356 0.40448
0.584158 0.404746
0.60396 0.405005
0.623762 0.405257
0.643564 0.405501
0.663366 0.405739
0.683168 0.405968
0.70297 0.40619
0.722772 0.406404
0.742574 0.40661
0.762376 0.406808
0.782178 0.406998
0.80198 0.407179
0.821782 0.407352
0.841584 0.407516
0.861386 0.407671
0.881188 0.407818
0.90099 0.407955
0.920792 0.408083
0.940594 0.408202
0.960396 0.408311
