4299 0.00558269 0.00225792
5159 0.00542741 0.00222456
6191 0.0032305 0.000904558
7430 0.00430686 0.00188875
8916 0.0013459 0.000623587
10699 0 0.000383232
12839 0.000311551 8.50472e-05
15407 0.00103849 0.000355811
18488 0.00302899 0.00076996
22186 0.000360588 0.000208482
26623 0.00165271 0.000398949
31947 0.00237894 0.000890866
38337 0 0.000293126
46005 0.00139115 0.00041365
55206 0.00166649 0.000602035
66247 0.00126798 0.000104329
79496 0.000754755 6.23802e-07
95396 4.19305e-05 0.000370799
114475 3.49421e-05 0.000225543
137370 0.00107738 0.000557493
164844 0.000533838 0.000416754
197813 0.00111216 0.000545301
237376 1.68509e-05 2.2337e-05
284851 9.8297e-05 2.0393e-05
341821 2.34041e-05 0.000135575
410186 0.000302302 6.50334e-05
492223 3.25056e-05 7.79986e-06
590668 0.00013544 5.03675e-05
708801 0.000225733 9.03137e-05
850562 8.93527e-05 8.38629e-05
1020674 1.17569e-05 2.93337e-05
1224809 1.95949e-05 7.38364e-06
1469771 3.53797e-05 1.75375e-05
