4299 0.024951 0.00890746
5159 0.0226954 0.017159
6191 0.0206056 0.0294621
7430 0.0187377 0.0379497
8916 0.0170919 0.0396545
10699 0.0156451 0.0336574
12839 0.0143409 0.024386
15407 0.0130816 0.0260584
18488 0.0119635 0.0219729
22186 0.010951 0.0157138
26623 0.0099905 0.0171798
31947 0.00913965 0.0122559
38337 0.00833846 0.0135838
46005 0.00762547 0.00945615
55206 0.00696523 0.00806499
66247 0.00635488 0.00934248
79496 0.00580818 0.00654059
95396 0.00530635 0.00466086
114475 0.00483771 0.00770632
137370 0.00441702 0.00727537
164844 0.00403598 0.00506722
197813 0.00368762 0.00297317
237376 0.00336366 0.00482484
284851 0.00307447 0.00186129
341821 0.00280859 0.00018038
410186 0.00256391 0.000152798
492223 0.00234014 0.000536016
590668 0.00213516 0.00172982
708801 0.00194871 0.00223474
850562 0.00177902 0.00210293
1020674 0.0016245 0.00140109
1224809 0.00148288 0.00153579
1469771 0.00135376 0.00138948
