


0.0001 9.999e-05
0.00463161 0.00461016
0.00825978 0.0081917
0.0117286 0.0115916
0.0150564 0.014831
0.0182785 0.017947
0.0214247 0.02097
0.0245166 0.0239222
0.0275695 0.026819
0.0305938 0.0296711
0.0335968 0.0324859
0.0365834 0.0352682
0.0395571 0.0380218
0.0425203 0.040749
0.0454746 0.0434516
0.0484212 0.046131
0.0513611 0.0487882
0.0542949 0.0514239
0.057223 0.0540387
0.0601459 0.0566331
0.0630637 0.0592076
0.0659769 0.0617624
0.0688855 0.0642979
0.0717897 0.0668144
0.0746897 0.0693121
0.0775856 0.0717912
0.0804774 0.0742521
0.0833654 0.0766948
0.0862494 0.0791195
0.0891297 0.0815265
0.0920063 0.083916
0.0948792 0.086288
0.0977485 0.0886428
0.100614 0.0909805
0.103477 0.0933013
0.106335 0.0956053
0.109191 0.0978926
0.112043 0.100164
0.114892 0.102418
0.117737 0.104656
0.12058 0.106879
0.123419 0.109085
0.126254 0.111275
0.129087 0.11345
0.131917 0.11561
0.134743 0.117753
0.137567 0.119882
0.140387 0.121995
0.143205 0.124093
0.14602 0.126177
0.148831 0.128245
0.15164 0.130299
0.154446 0.132338
0.157249 0.134363
0.160049 0.136373
0.162847 0.138369
0.165641 0.140351
0.168433 0.142319
0.171223 0.144273
0.174009 0.146213
0.176793 0.148139
0.179575 0.150052
0.182354 0.151951
0.18513 0.153836
0.187904 0.155709
0.190675 0.157568
0.193444 0.159414
0.19621 0.161247
0.198974 0.163067
0.201735 0.164874
0.204495 0.166669
0.207251 0.168451
0.210006 0.17022
0.212758 0.171977
0.215508 0.173721
0.218256 0.175454
0.221002 0.177174
0.223745 0.178882
0.226487 0.180577
0.229226 0.182262
0.231963 0.183934
0.234698 0.185594
0.237431 0.187243
0.240162 0.18888
0.242892 0.190506
0.245619 0.19212
0.248344 0.193724
0.251068 0.195315
0.253789 0.196896
0.256509 0.198466
0.259228 0.200024
0.261944 0.201572
0.264659 0.203109
0.267372 0.204635
0.270083 0.206151
0.272793 0.207656
0.275501 0.20915
0.278208 0.210634
0.280913 0.212107
0.283617 0.213571
0.28632 0.215024
0.289021 0.216467
0.29172 0.2179
0.294418 0.219323
0.297115 0.220735
0.299811 0.222139
0.302506 0.223532
0.305199 0.224916
0.307891 0.226289
0.310582 0.227654
0.313272 0.229009
0.315961 0.230354
0.318649 0.23169
0.321336 0.233017
0.324023 0.234335
0.326708 0.235643
0.329392 0.236942
0.332076 0.238232
0.334759 0.239514
0.337441 0.240786
0.340122 0.242049
0.342803 0.243304
0.345483 0.24455
0.348163 0.245787
0.350842 0.247016
0.35352 0.248236
0.356198 0.249447
0.358876 0.250651
0.361553 0.251845
0.36423 0.253032
0.366907 0.25421
0.369584 0.25538
0.37226 0.256542
0.374936 0.257695
0.377612 0.258841
0.380289 0.259979
0.382965 0.261109
0.385641 0.26223
0.388317 0.263344
0.390993 0.264451
0.39367 0.265549
0.396346 0.26664
0.399023 0.267723
0.4017 0.268799
0.404378 0.269867
0.407056 0.270928
0.409734 0.271981
0.412413 0.273027
0.415093 0.274065
0.417773 0.275097
0.420454 0.276121
0.423135 0.277138
0.425817 0.278147
0.4285 0.27915
0.431184 0.280145
0.433869 0.281134
0.436555 0.282115
0.439241 0.28309
0.441929 0.284058
0.444618 0.285019
0.447308 0.285973
0.449999 0.28692
0.452691 0.287861
0.455385 0.288794
0.45808 0.289722
0.460777 0.290642
0.463475 0.291557
0.466174 0.292464
0.468876 0.293365
0.471578 0.29426
0.474283 0.295148
0.476989 0.29603
0.479697 0.296906
0.482407 0.297775
0.485119 0.298638
0.487832 0.299494
0.490548 0.300345
0.493266 0.301189
0.495986 0.302028
0.498709 0.30286
0.501433 0.303686
0.50416 0.304506
0.506889 0.30532
0.509621 0.306128
0.512355 0.30693
0.515092 0.307726
0.517832 0.308516
0.520574 0.309301
0.523319 0.310079
0.526066 0.310852
0.528817 0.311619
0.53157 0.31238
0.534327 0.313136
0.537087 0.313885
0.539849 0.31463
0.542615 0.315368
0.545384 0.316101
0.548157 0.316828
0.550933 0.31755
0.553712 0.318266
0.556495 0.318977
0.559282 0.319682
0.562072 0.320382
0.564866 0.321076
0.567663 0.321765
0.570465 0.322448
0.57327 0.323126
0.57608 0.323798
0.578893 0.324466
0.581711 0.325128
0.584533 0.325784
0.587359 0.326435
0.590189 0.327081
0.593024 0.327722
0.595864 0.328357
0.598708 0.328988
0.601556 0.329613
0.60441 0.330232
0.607268 0.330847
0.610131 0.331456
0.612998 0.332061
0.615871 0.33266
0.618749 0.333254
0.621632 0.333843
0.62452 0.334427
0.627414 0.335005
0.630313 0.335579
0.633217 0.336147
0.636127 0.336711
0.639043 0.337269
0.641964 0.337823
0.644891 0.338371
0.647823 0.338915
0.650762 0.339453
0.653707 0.339986
0.656658 0.340515
0.659614 0.341038
0.662578 0.341556
0.665547 0.34207
0.668523 0.342578
0.671505 0.343082
0.674494 0.343581
0.67749 0.344074
0.680492 0.344563
0.683501 0.345047
0.686517 0.345525
0.68954 0.345999
0.69257 0.346468
0.695607 0.346932
0.698651 0.347392
0.701703 0.347846
0.704762 0.348295
0.707828 0.348739
0.710902 0.349179
0.713984 0.349614
0.717074 0.350043
0.720171 0.350468
0.723276 0.350888
0.72639 0.351303
0.729511 0.351713
0.732641 0.352118
0.735779 0.352518
0.738925 0.352913
0.74208 0.353304
0.745243 0.353689
0.748415 0.35407
0.751596 0.354445
0.754786 0.354816
0.757984 0.355182
0.761192 0.355542
0.764409 0.355898
0.767635 0.356249
0.77087 0.356595
0.774115 0.356936
0.77737 0.357272
0.780634 0.357603
0.783907 0.357929
0.787191 0.35825
0.790484 0.358566
0.793788 0.358877
0.797102 0.359182
0.800426 0.359483
0.80376 0.359779
0.807105 0.36007
0.81046 0.360356
0.813826 0.360636
0.817203 0.360912
0.820591 0.361182
0.823989 0.361448
0.827399 0.361708
0.83082 0.361963
0.834252 0.362213
0.837696 0.362458
0.841151 0.362697
0.844618 0.362932
0.848097 0.363161
0.851588 0.363385
0.85509 0.363604
0.858605 0.363817
0.862132 0.364026
0.865671 0.364229
0.869223 0.364426
0.872787 0.364619
0.876364 0.364806
0.879954 0.364988
0.883557 0.365164
0.887173 0.365335
0.890802 0.3655
0.894445 0.365661
0.898101 0.365815
0.90177 0.365965
0.905454 0.366108
0.909151 0.366247
0.912862 0.366379
0.916587 0.366507
0.920326 0.366628
0.92408 0.366744
0.927849 0.366855
0.931632 0.36696
0.935429 0.367059
0.939242 0.367152
0.94307 0.36724
0.946913 0.367322
0.950771 0.367399
0.954645 0.367469
0.958534 0.367534
0.96244 0.367593
0.966361 0.367646
0.970298 0.367694
0.974251 0.367735
0.978221 0.36777
0.982208 0.3678
0.986211 0.367824
0.990231 0.367841
0.994268 0.367853
0.998322 0.367858
1.00239 0.367858
1.00648 0.367851
1.01059 0.367838
1.01471 0.367819
1.01886 0.367794
1.02302 0.367762
1.0272 0.367725
1.03139 0.367681
1.03561 0.36763
1.03984 0.367574
1.0441 0.367511
1.04837 0.367441
1.05266 0.367365
1.05698 0.367283
1.06131 0.367194
1.06566 0.367099
1.07003 0.366997
1.07443 0.366888
1.07884 0.366773
1.08327 0.366651
1.08773 0.366522
1.0922 0.366387
1.0967 0.366244
1.10122 0.366095
1.10576 0.365939
1.11032 0.365777
1.11491 0.365607
1.11952 0.36543
1.12415 0.365246
1.1288 0.365055
1.13347 0.364857
1.13817 0.364652
1.1429 0.36444
1.14764 0.364221
1.15241 0.363994
1.15721 0.36376
1.16203 0.363519
1.16687 0.36327
1.17174 0.363014
1.17664 0.36275
1.18156 0.362479
1.18651 0.362201
1.19148 0.361914
1.19648 0.36162
1.2015 0.361319
1.20655 0.36101
1.21163 0.360693
1.21674 0.360368
1.22188 0.360035
1.22704 0.359694
1.23223 0.359346
1.23745 0.358989
1.2427 0.358624
1.24798 0.358251
1.25328 0.35787
1.25862 0.357481
1.26399 0.357084
1.26939 0.356678
1.27482 0.356264
1.28028 0.355841
1.28577 0.35541
1.2913 0.354971
1.29686 0.354523
1.30245 0.354066
1.30807 0.353601
1.31373 0.353126
1.31942 0.352643
1.32514 0.352152
1.3309 0.351651
1.3367 0.351141
1.34253 0.350622
1.34839 0.350094
1.3543 0.349557
1.36024 0.349011
1.36621 0.348456
1.37223 0.347891
1.37828 0.347317
1.38437 0.346733
1.3905 0.34614
1.39668 0.345537
1.40289 0.344924
1.40914 0.344302
1.41543 0.34367
1.42177 0.343028
1.42814 0.342376
1.43456 0.341714
1.44103 0.341042
1.44754 0.34036
1.45409 0.339667
1.46069 0.338965
1.46733 0.338251
1.47402 0.337528
1.48076 0.336794
1.48754 0.336049
1.49438 0.335293
1.50126 0.334527
1.50819 0.33375
1.51517 0.332962
1.52221 0.332163
1.5293 0.331352
1.53644 0.330531
1.54363 0.329698
1.55088 0.328853
1.55818 0.327998
1.56554 0.32713
1.57296 0.326251
1.58043 0.32536
1.58796 0.324457
1.59556 0.323543
1.60321 0.322616
1.61093 0.321677
1.61871 0.320725
1.62655 0.319761
1.63445 0.318785
1.64243 0.317796
1.65047 0.316794
1.65857 0.315779
1.66675 0.314752
1.675 0.313711
1.68332 0.312657
1.69171 0.311589
1.70018 0.310508
1.70872 0.309414
1.71734 0.308305
1.72604 0.307183
1.73482 0.306046
1.74368 0.304896
1.75262 0.303731
1.76165 0.302551
1.77077 0.301357
1.77997 0.300148
1.78926 0.298924
1.79864 0.297685
1.80812 0.29643
1.81769 0.295161
1.82736 0.293875
1.83713 0.292574
1.847 0.291256
1.85697 0.289923
1.86705 0.288573
1.87724 0.287206
1.88754 0.285823
1.89794 0.284423
1.90847 0.283005
1.91911 0.281571
1.92987 0.280118
1.94076 0.278648
1.95177 0.27716
1.96291 0.275654
1.97418 0.274129
1.98558 0.272586
1.99712 0.271024
2.00881 0.269442
2.02063 0.267842
2.03261 0.266222
2.04473 0.264582
2.05701 0.262922
2.06944 0.261242
2.08204 0.259542
2.09479 0.257822
2.10772 0.25608
2.12082 0.254318
2.13409 0.252535
2.14755 0.25073
2.16118 0.248905
2.175 0.247058
2.18901 0.24519
2.20321 0.2433
2.2176 0.241389
2.2322 0.239457
2.24699 0.237503
2.26199 0.235529
2.27719 0.233534
2.2926 0.231518
2.30821 0.229483
2.32403 0.227428
2.34006 0.225355
2.3563 0.223263
2.37273 0.221155
2.38937 0.21903
2.40621 0.21689
2.42323 0.214737
2.44044 0.212571
2.45783 0.210394
2.47539 0.208208
2.49311 0.206015
2.51097 0.203816
2.52897 0.201614
2.5471 0.199411
2.56533 0.197208
2.58366 0.195009
2.60206 0.192815
2.62053 0.190629
2.63905 0.188453
2.6576 0.186289
2.67617 0.184138
2.69473 0.182004
2.71329 0.179887
2.73182 0.177789
2.75031 0.175712
2.76875 0.173657
2.78712 0.171625
2.80543 0.169618
2.82366 0.167635
2.8418 0.165678
2.85985 0.163746
2.8778 0.161842
2.89564 0.159963
2.91339 0.158112
2.93102 0.156288
2.94854 0.15449
2.96595 0.152719
2.98324 0.150974
3.00042 0.149256
3.01749 0.147563
3.03444 0.145897
3.05128 0.144255
3.06801 0.142638
3.08463 0.141046
3.10114 0.139478
3.11754 0.137933
3.13383 0.136412
3.15002 0.134913
3.16611 0.133437
3.1821 0.131982
3.19799 0.130549
3.21378 0.129136
3.22948 0.127744
3.24509 0.126373
3.2606 0.12502
3.27603 0.123688
3.29137 0.122374
3.30662 0.121078
3.32179 0.119801
3.33689 0.118541
3.3519 0.117298
3.36683 0.116073
3.38169 0.114864
3.39648 0.113672
3.41119 0.112495
3.42583 0.111334
3.44041 0.110188
3.45492 0.109058
3.46936 0.107942
3.48373 0.106841
3.49805 0.105753
3.5123 0.10468
3.52649 0.10362
3.54062 0.102574
3.5547 0.101541
3.56872 0.10052
3.58268 0.0995124
3.59659 0.098517
3.61045 0.0975338
3.62426 0.0965626
3.63802 0.0956032
3.65172 0.0946552
3.66538 0.0937186
3.67899 0.0927932
3.69256 0.0918787
3.70608 0.0909749
3.71955 0.0900818
3.73299 0.089199
3.74638 0.0883265
3.75973 0.087464
3.77303 0.0866114
3.7863 0.0857686
3.79953 0.0849353
3.81272 0.0841114
3.82587 0.0832968
3.83899 0.0824914
3.85207 0.0816949
3.86511 0.0809073
3.87812 0.0801283
3.8911 0.079358
3.90404 0.0785961
3.91695 0.0778425
3.92983 0.0770971
3.94268 0.0763597
3.95549 0.0756304
3.96828 0.0749088
3.98104 0.074195
3.99376 0.0734888
4.00646 0.07279
4.01913 0.0720987
4.03178 0.0714147
4.04439 0.0707378
4.05698 0.070068
4.06955 0.0694052
4.08209 0.0687493
4.0946 0.0681002
4.10709 0.0674578
4.11956 0.066822
4.13201 0.0661927
4.14443 0.0655699
4.15682 0.0649534
4.1692 0.0643431
4.18155 0.0637391
4.19389 0.0631411
4.2062 0.0625492
4.21849 0.0619631
4.23076 0.061383
4.24302 0.0608086
4.25525 0.06024
4.26746 0.059677
4.27966 0.0591196
4.29184 0.0585676
4.304 0.0580212
4.31614 0.05748
4.32827 0.0569442
4.34038 0.0564136
4.35247 0.0558881
4.36455 0.0553678
4.37661 0.0548525
4.38865 0.0543422
4.40068 0.0538368
4.4127 0.0533362
4.4247 0.0528405
4.43669 0.0523495
4.44866 0.0518632
4.46062 0.0513815
4.47257 0.0509044
4.48451 0.0504318
4.49643 0.0499637
4.50834 0.0495001
4.52024 0.0490408
4.53212 0.0485858
4.544 0.048135
4.55586 0.0476885
4.56771 0.0472462
4.57955 0.046808
4.59138 0.0463738
4.6032 0.0459437
4.61502 0.0455176
4.62682 0.0450954
4.63861 0.0446771
4.65039 0.0442627
4.66217 0.0438521
4.67393 0.0434452
4.68569 0.0430421
4.69744 0.0426427
4.70918 0.0422469
4.72091 0.0418547
4.73264 0.041466
4.74436 0.0410809
4.75607 0.0406993
4.76777 0.0403212
4.77947 0.0399464
4.79117 0.039575
4.80285 0.039207
4.81453 0.0388423
4.82621 0.0384808
4.83788 0.0381226
4.84954 0.0377676
4.8612 0.0374157
4.87286 0.037067
4.88451 0.0367214
4.89615 0.0363788
4.9078 0.0360393
4.91944 0.0357028
4.93107 0.0353692
4.9427 0.0350386
4.95433 0.034711
4.96596 0.0343861
4.97758 0.0340642
4.9892 0.0337451
5.00082 0.0334287
5.01243 0.0331151
5.02404 0.0328043
5.03566 0.0324962
5.04727 0.0321907
5.05888 0.0318879
5.07048 0.0315877
5.08209 0.0312902
5.0937 0.0309952
5.1053 0.0307027
5.11691 0.0304128
5.12852 0.0301254
5.14012 0.0298404
5.15173 0.0295579
5.16333 0.0292778
5.17494 0.0290001
5.18655 0.0287248
5.19816 0.0284518
5.20977 0.0281812
5.22138 0.0279128
5.233 0.0276468
5.24461 0.027383
5.25623 0.0271214
5.26785 0.0268621
5.27947 0.0266049
5.2911 0.02635
5.30273 0.0260971
5.31436 0.0258464
5.326 0.0255978
5.33764 0.0253513
5.34928 0.0251069
5.36093 0.0248645
5.37258 0.0246241
5.38424 0.0243858
5.3959 0.0241494
5.40756 0.023915
5.41923 0.0236826
5.43091 0.023452
5.44259 0.0232234
5.45428 0.0229967
5.46597 0.0227719
5.47767 0.0225489
5.48938 0.0223278
5.50109 0.0221084
5.51281 0.0218909
5.52453 0.0216752
5.53627 0.0214612
5.54801 0.021249
5.55976 0.0210386
5.57151 0.0208298
5.58328 0.0206227
5.59505 0.0204174
5.60683 0.0202137
5.61862 0.0200116
5.63042 0.0198112
5.64223 0.0196125
5.65405 0.0194153
5.66588 0.0192197
5.67772 0.0190257
5.68957 0.0188332
5.70143 0.0186423
5.7133 0.018453
5.72518 0.0182651
5.73707 0.0180788
5.74897 0.0178939
5.76089 0.0177105
5.77282 0.0175286
5.78475 0.0173481
5.79671 0.0171691
5.80867 0.0169914
5.82065 0.0168152
5.83264 0.0166404
5.84465 0.0164669
5.85666 0.0162948
5.8687 0.016124
5.88074 0.0159546
5.8928 0.0157865
5.90488 0.0156198
5.91697 0.0154543
5.92908 0.0152901
5.9412 0.0151272
5.95334 0.0149655
5.9655 0.0148051
5.97767 0.014646
5.98986 0.014488
6.00206 0.0143313
6.01429 0.0141758
6.02653 0.0140215
6.03879 0.0138683
6.05107 0.0137163
6.06336 0.0135655
6.07568 0.0134158
6.08801 0.0132672
6.10037 0.0131198
6.11274 0.0129735
6.12514 0.0128283
6.13756 0.0126841
6.14999 0.0125411
6.16245 0.0123991
6.17493 0.0122581
6.18743 0.0121182
6.19996 0.0119793
6.21251 0.0118415
6.22508 0.0117047
6.23767 0.0115689
6.25029 0.011434
6.26293 0.0113002
6.2756 0.0111673
6.28829 0.0110354
6.30101 0.0109044
6.31376 0.0107744
6.32653 0.0106453
6.33932 0.0105171
6.35215 0.0103898
6.365 0.0102635
6.37788 0.010138
6.39079 0.0100134
6.40372 0.00988968
6.41669 0.00976682
6.42969 0.00964482
6.44271 0.00952365
6.45577 0.00940332
6.46886 0.00928382
6.48198 0.00916513
6.49513 0.00904724
6.50831 0.00893015
6.52153 0.00881384
6.53478 0.00869831
6.54806 0.00858355
6.56138 0.00846955
6.57474 0.00835629
6.58813 0.00824377
6.60155 0.00813199
6.61502 0.00802092
6.62852 0.00791057
6.64205 0.00780092
6.65563 0.00769196
6.66924 0.00758368
6.6829 0.00747608
6.69659 0.00736915
6.71033 0.00726287
6.7241 0.00715724
6.73792 0.00705224
6.75178 0.00694788
6.76568 0.00684413
6.77963 0.006741
6.79362 0.00663847
6.80766 0.00653652
6.82174 0.00643517
6.83586 0.00633438
6.85004 0.00623416
6.86426 0.00613449
6.87853 0.00603537
6.89285 0.00593679
6.90722 0.00583873
6.92164 0.00574119
6.93611 0.00564416
6.95063 0.00554763
6.96521 0.00545159
6.97983 0.00535602
6.99451 0.00526093
7.00925 0.0051663
7.02404 0.00507211
7.03889 0.00497838
7.05379 0.00488507
7.06875 0.00479218
7.08377 0.00469971
7.09885 0.00460764
7.11399 0.00451596
7.12919 0.00442467
7.14445 0.00433374
7.15977 0.00424319
7.17515 0.00415298
7.1906 0.00406312
7.20611 0.00397359
7.22168 0.00388438
7.23732 0.00379549
7.25303 0.0037069
7.2688 0.0036186
7.28464 0.00353059
7.30055 0.00344284
7.31652 0.00335536
7.33256 0.00326813
7.34867 0.00318115
7.36485 0.00309439
7.3811 0.00300786
7.39742 0.00292154
7.41381 0.00283542
7.43027 0.00274949
7.4468 0.00266374
7.4634 0.00257817
7.48007 0.00249276
7.4968 0.0024075
7.51361 0.00232238
7.53049 0.0022374
7.54744 0.00215254
7.56445 0.0020678
7.58153 0.00198317
7.59868 0.00189863
7.61589 0.00181419
7.63317 0.00172983
7.65051 0.00164555
7.66791 0.00156133
7.68538 0.00147718
7.7029 0.00139308
7.72047 0.00130903
7.7381 0.00122502
7.75578 0.00114105
7.77352 0.00105712
7.79129 0.000973211
7.80911 0.000889329
7.82697 0.000805468
7.84487 0.000721624
7.8628 0.000637796
7.88076 0.000553982
7.89875 0.000470178
7.91676 0.000386385
7.93479 0.0003026
7.95283 0.000218824
7.97088 0.000135055
7.98894 5.1294e-05
8 1.40553e-09



0.0001 9.999e-05
0.0048923 0.00486837
0.00873413 0.00865801
0.0124078 0.0122545
0.0159327 0.0156804
0.0193465 0.0189753
0.0226807 0.0221714
0.0259583 0.0252924
0.0291955 0.0283545
0.0324032 0.0313691
0.0355893 0.0343439
0.038759 0.0372842
0.0419158 0.0401938
0.0450624 0.0430754
0.0482005 0.0459307
0.0513314 0.0487613
0.0544561 0.0515681
0.0575751 0.0543519
0.0606891 0.0571134
0.0637985 0.0598532
0.0669035 0.0625716
0.0700044 0.0652689
0.0731014 0.0679457
0.0761947 0.0706021
0.0792844 0.0732384
0.0823707 0.0758548
0.0854537 0.0784517
0.0885334 0.0810291
0.0916101 0.0835874
0.0946836 0.0861266
0.0977542 0.0886471
0.100822 0.0911489
0.103887 0.0936322
0.106949 0.0960973
0.110008 0.0985442
0.113065 0.100973
0.116119 0.103384
0.11917 0.105778
0.122219 0.108154
0.125265 0.110512
0.128309 0.112854
0.131351 0.115178
0.13439 0.117486
0.137427 0.119776
0.140462 0.12205
0.143494 0.124307
0.146524 0.126548
0.149552 0.128773
0.152578 0.130982
0.155602 0.133174
0.158623 0.135351
0.161643 0.137511
0.164661 0.139656
0.167677 0.141786
0.170691 0.1439
0.173703 0.145999
0.176713 0.148083
0.179721 0.150151
0.182728 0.152205
0.185733 0.154244
0.188736 0.156268
0.191737 0.158277
0.194737 0.160272
0.197735 0.162252
0.200732 0.164218
0.203727 0.16617
0.206721 0.168108
0.209714 0.170032
0.212704 0.171942
0.215694 0.173838
0.218682 0.17572
0.221669 0.177589
0.224655 0.179445
0.227639 0.181286
0.230622 0.183115
0.233604 0.184931
0.236585 0.186733
0.239565 0.188522
0.242544 0.190299
0.245522 0.192062
0.248499 0.193813
0.251475 0.195552
0.25445 0.197277
0.257424 0.198991
0.260398 0.200691
0.263371 0.20238
0.266343 0.204056
0.269314 0.205721
0.272285 0.207373
0.275255 0.209013
0.278225 0.210642
0.281194 0.212259
0.284163 0.213864
0.287131 0.215457
0.290099 0.217039
0.293066 0.21861
0.296034 0.220169
0.299001 0.221717
0.301968 0.223253
0.304935 0.224779
0.307901 0.226293
0.310868 0.227797
0.313835 0.22929
0.316801 0.230772
0.319768 0.232243
0.322735 0.233703
0.325702 0.235153
0.32867 0.236592
0.331638 0.238021
0.334606 0.23944
0.337574 0.240848
0.340543 0.242246
0.343513 0.243634
0.346483 0.245011
0.349453 0.246379
0.352425 0.247737
0.355397 0.249084
0.35837 0.250422
0.361343 0.251751
0.364318 0.253069
0.367293 0.254378
0.37027 0.255677
0.373247 0.256967
0.376226 0.258247
0.379205 0.259518
0.382187 0.26078
0.385169 0.262032
0.388152 0.263275
0.391137 0.264509
0.394124 0.265734
0.397112 0.266949
0.400102 0.268156
0.403093 0.269354
0.406086 0.270543
0.409081 0.271723
0.412077 0.272895
0.415076 0.274057
0.418076 0.275212
0.421079 0.276357
0.424083 0.277494
0.42709 0.278622
0.430099 0.279742
0.43311 0.280854
0.436124 0.281957
0.43914 0.283052
0.442158 0.284138
0.445179 0.285217
0.448203 0.286287
0.45123 0.287349
0.454259 0.288403
0.457291 0.289449
0.460326 0.290487
0.463364 0.291518
0.466405 0.29254
0.469449 0.293554
0.472496 0.294561
0.475547 0.29556
0.478601 0.296551
0.481659 0.297534
0.48472 0.29851
0.487784 0.299478
0.490853 0.300438
0.493925 0.301391
0.497001 0.302337
0.50008 0.303275
0.503164 0.304205
0.506252 0.305129
0.509344 0.306044
0.51244 0.306953
0.515541 0.307854
0.518645 0.308748
0.521755 0.309635
0.524869 0.310514
0.527987 0.311387
0.531111 0.312252
0.534239 0.31311
0.537372 0.313961
0.54051 0.314805
0.543653 0.315642
0.546801 0.316472
0.549955 0.317295
0.553114 0.318111
0.556278 0.31892
0.559448 0.319722
0.562624 0.320518
0.565805 0.321306
0.568992 0.322088
0.572185 0.322863
0.575384 0.323631
0.578589 0.324392
0.5818 0.325147
0.585018 0.325894
0.588241 0.326636
0.591472 0.32737
0.594709 0.328098
0.597952 0.328819
0.601203 0.329534
0.60446 0.330241
0.607724 0.330943
0.610995 0.331638
0.614274 0.332326
0.617559 0.333007
0.620853 0.333682
0.624153 0.334351
0.627461 0.335013
0.630777 0.335668
0.634101 0.336317
0.637433 0.33696
0.640772 0.337596
0.64412 0.338226
0.647476 0.338849
0.65084 0.339465
0.654213 0.340076
0.657594 0.340679
0.660985 0.341277
0.664383 0.341868
0.667791 0.342452
0.671208 0.34303
0.674634 0.343602
0.678069 0.344167
0.681514 0.344726
0.684968 0.345278
0.688431 0.345824
0.691905 0.346364
0.695388 0.346897
0.698881 0.347424
0.702385 0.347945
0.705898 0.348459
0.709422 0.348966
0.712957 0.349467
0.716502 0.349962
0.720057 0.350451
0.723624 0.350932
0.727201 0.351408
0.73079 0.351877
0.73439 0.35234
0.738001 0.352796
0.741624 0.353246
0.745258 0.353689
0.748904 0.354126
0.752563 0.354556
0.756233 0.35498
0.759915 0.355397
0.76361 0.355808
0.767317 0.356213
0.771036 0.35661
0.774769 0.357002
0.778514 0.357386
0.782273 0.357765
0.786044 0.358136
0.789829 0.358501
0.793627 0.358859
0.797439 0.359211
0.801265 0.359556
0.805105 0.359895
0.808958 0.360226
0.812826 0.360551
0.816709 0.36087
0.820606 0.361181
0.824517 0.361486
0.828444 0.361784
0.832385 0.362076
0.836342 0.36236
0.840314 0.362638
0.844301 0.362909
0.848304 0.363172
0.852324 0.363429
0.856359 0.363679
0.86041 0.363923
0.864478 0.364159
0.868562 0.364388
0.872663 0.36461
0.87678 0.364825
0.880915 0.365033
0.885067 0.365234
0.889237 0.365428
0.893424 0.365614
0.897629 0.365793
0.901852 0.365966
0.906094 0.36613
0.910353 0.366288
0.914631 0.366438
0.918928 0.366581
0.923244 0.366717
0.927579 0.366845
0.931934 0.366966
0.936308 0.367079
0.940702 0.367184
0.945116 0.367282
0.94955 0.367373
0.954005 0.367456
0.95848 0.367531
0.962976 0.367598
0.967493 0.367658
0.972032 0.36771
0.976592 0.367754
0.981174 0.367791
0.985778 0.367819
0.990404 0.36784
0.995053 0.367852
0.999724 0.367856
1.00442 0.367853
1.00914 0.367841
1.01388 0.367821
1.01864 0.367793
1.02343 0.367757
1.02824 0.367712
1.03308 0.367659
1.03794 0.367598
1.04283 0.367528
1.04774 0.36745
1.05268 0.367363
1.05765 0.367267
1.06264 0.367163
1.06765 0.367051
1.0727 0.366929
1.07777 0.366799
1.08287 0.36666
1.08799 0.366512
1.09315 0.366355
1.09833 0.366189
1.10354 0.366014
1.10878 0.36583
1.11405 0.365637
1.11935 0.365434
1.12468 0.365222
1.13004 0.365001
1.13543 0.364771
1.14085 0.364531
1.1463 0.364281
1.15178 0.364022
1.1573 0.363753
1.16285 0.363475
1.16843 0.363186
1.17405 0.362888
1.1797 0.36258
1.18538 0.362262
1.1911 0.361934
1.19685 0.361596
1.20264 0.361248
1.20846 0.360889
1.21432 0.36052
1.22022 0.360141
1.22615 0.359751
1.23212 0.35935
1.23813 0.358939
1.24418 0.358518
1.25027 0.358085
1.2564 0.357642
1.26257 0.357188
1.26877 0.356722
1.27502 0.356246
1.28132 0.355758
1.28765 0.355259
1.29403 0.354749
1.30045 0.354228
1.30691 0.353694
1.31342 0.35315
1.31998 0.352593
1.32658 0.352025
1.33323 0.351445
1.33992 0.350853
1.34666 0.350248
1.35346 0.349632
1.3603 0.349003
1.36719 0.348362
1.37413 0.347709
1.38112 0.347043
1.38817 0.346364
1.39527 0.345672
1.40242 0.344968
1.40963 0.34425
1.4169 0.34352
1.42422 0.342776
1.43159 0.342018
1.43903 0.341248
1.44653 0.340464
1.45408 0.339666
1.4617 0.338854
1.46938 0.338028
1.47712 0.337188
1.48493 0.336334
1.4928 0.335465
1.50074 0.334582
1.50875 0.333685
1.51683 0.332772
1.52497 0.331845
1.53319 0.330902
1.54148 0.329945
1.54985 0.328972
1.55829 0.327983
1.5668 0.326979
1.5754 0.325958
1.58407 0.324922
1.59283 0.32387
1.60167 0.322801
1.61059 0.321715
1.6196 0.320613
1.6287 0.319494
1.63789 0.318357
1.64716 0.317204
1.65654 0.316032
1.666 0.314843
1.67557 0.313636
1.68523 0.312411
1.695 0.311168
1.70487 0.309905
1.71484 0.308624
1.72493 0.307324
1.73513 0.306004
1.74543 0.304665
1.75586 0.303306
1.7664 0.301926
1.77707 0.300526
1.78786 0.299106
1.79878 0.297664
1.80983 0.296201
1.82102 0.294717
1.83234 0.29321
1.8438 0.291681
1.85541 0.29013
1.86717 0.288555
1.87907 0.286957
1.89114 0.285336
1.90337 0.28369
1.91576 0.28202
1.92832 0.280325
1.94106 0.278605
1.95398 0.276859
1.96708 0.275087
1.98037 0.273289
1.99385 0.271464
2.00754 0.269611
2.02143 0.267731
2.03554 0.265822
2.04987 0.263885
2.06442 0.261918
2.0792 0.259922
2.09422 0.257896
2.10949 0.25584
2.12501 0.253753
2.14078 0.251634
2.15683 0.249484
2.17315 0.247303
2.18975 0.245089
2.20663 0.242842
2.22381 0.240564
2.24129 0.238253
2.25908 0.235909
2.27718 0.233533
2.29559 0.231125
2.31432 0.228686
2.33338 0.226216
2.35276 0.223716
2.37247 0.221187
2.39249 0.21863
2.41284 0.216048
2.43349 0.213441
2.45445 0.210813
2.47571 0.208166
2.49724 0.205503
2.51903 0.202826
2.54107 0.200139
2.56333 0.197447
2.58579 0.194751
2.60843 0.192058
2.63122 0.18937
2.65412 0.186691
2.67713 0.184025
2.7002 0.181377
2.72331 0.178748
2.74644 0.176143
2.76956 0.173565
2.79265 0.171016
2.81569 0.168497
2.83867 0.166011
2.86157 0.16356
2.88438 0.161145
2.90709 0.158765
2.92969 0.156423
2.95216 0.154118
2.97452 0.15185
2.99675 0.14962
3.01886 0.147426
3.04083 0.14527
3.06268 0.14315
3.0844 0.141066
3.106 0.139017
3.12747 0.137002
3.14882 0.135022
3.17006 0.133075
3.19118 0.13116
3.21218 0.129277
3.23308 0.127425
3.25388 0.125603
3.27457 0.123811
3.29517 0.122048
3.31568 0.120312
3.3361 0.118605
3.35643 0.116924
3.37668 0.115269
3.39685 0.11364
3.41695 0.112035
3.43698 0.110455
3.45694 0.108899
3.47684 0.107366
3.49668 0.105855
3.51646 0.104367
3.53619 0.1029
3.55587 0.101454
3.57549 0.100029
3.59508 0.0986239
3.61462 0.0972386
3.63412 0.0958726
3.65359 0.0945255
3.67303 0.0931969
3.69243 0.0918863
3.7118 0.0905935
3.73115 0.089318
3.75048 0.0880595
3.76979 0.0868177
3.78908 0.0855922
3.80835 0.0843828
3.82761 0.083189
3.84685 0.0820107
3.86609 0.0808475
3.88533 0.0796991
3.90455 0.0785653
3.92378 0.0774458
3.943 0.0763403
3.96223 0.0752486
3.98146 0.0741705
4.0007 0.0731057
4.01994 0.072054
4.0392 0.0710151
4.05847 0.0699889
4.07775 0.0689752
4.09704 0.0679736
4.11636 0.0669842
4.1357 0.0660065
4.15505 0.0650405
4.17443 0.064086
4.19384 0.0631428
4.21328 0.0622106
4.23274 0.0612895
4.25224 0.0603791
4.27177 0.0594793
4.29133 0.05859
4.31094 0.057711
4.33058 0.0568422
4.35026 0.0559833
4.36999 0.0551344
4.38976 0.0542951
4.40958 0.0534655
4.42945 0.0526453
4.44937 0.0518344
4.46934 0.0510327
4.48937 0.0502401
4.50945 0.0494565
4.5296 0.0486817
4.54981 0.0479156
4.57008 0.0471581
4.59041 0.0464091
4.61082 0.0456685
4.63129 0.0449362
4.65184 0.044212
4.67246 0.0434959
4.69315 0.0427877
4.71393 0.0420875
4.73479 0.041395
4.75573 0.0407101
4.77676 0.0400329
4.79788 0.0393631
4.81909 0.0387008
4.84039 0.0380457
4.86179 0.0373979
4.88329 0.0367573
4.90489 0.0361237
4.9266 0.0354971
4.94841 0.0348774
4.97034 0.0342645
4.99237 0.0336583
5.01453 0.0330589
5.0368 0.032466
5.0592 0.0318797
5.08172 0.0312998
5.10437 0.0307263
5.12715 0.0301591
5.15007 0.0295981
5.17313 0.0290433
5.19633 0.0284947
5.21968 0.0279521
5.24318 0.0274155
5.26684 0.0268848
5.29065 0.0263599
5.31463 0.0258409
5.33877 0.0253276
5.36309 0.02482
5.38758 0.024318
5.41225 0.0238216
5.43711 0.0233306
5.46216 0.0228452
5.4874 0.0223651
5.51285 0.0218904
5.5385 0.0214209
5.56436 0.0209567
5.59045 0.0204977
5.61675 0.0200438
5.64329 0.019595
5.67006 0.0191512
5.69708 0.0187123
5.72435 0.0182784
5.75187 0.0178494
5.77966 0.0174252
5.80772 0.0170057
5.83606 0.016591
5.86469 0.0161809
5.89362 0.0157755
5.92286 0.0153746
5.95241 0.0149782
5.98228 0.0145863
6.01249 0.0141988
6.04305 0.0138156
6.07397 0.0134368
6.10525 0.0130622
6.13691 0.0126918
6.16897 0.0123256
6.20143 0.0119634
6.23431 0.0116053
6.26763 0.0112511
6.30139 0.0109008
6.33562 0.0105543
6.37033 0.0102117
6.40554 0.00987269
6.44126 0.00953734
6.47752 0.00920555
6.51434 0.00887723
6.55173 0.0085523
6.58972 0.00823067
6.62833 0.00791226
6.66759 0.00759696
6.70753 0.00728466
6.74816 0.00697527
6.78952 0.00666864
6.83163 0.00636467
6.87454 0.0060632
6.91827 0.0057641
6.96285 0.0054672
7.00833 0.00517232
7.05474 0.00487929
7.10212 0.0045879
7.15051 0.00429793
7.19996 0.00400914
7.25049 0.00372128
7.30216 0.00343408
7.355 0.00314723
7.40905 0.00286044
7.46434 0.00257336
7.52091 0.00228565
7.57875 0.00199695
7.63789 0.00170691
7.69829 0.00141518
7.75993 0.00112143
7.82274 0.000825368
7.88661 0.000526765
7.95141 0.000225465
8 1.41547e-09



0.0001 9.999e-05
0.0071781 0.00712658
0.0129107 0.0127446
0.0183994 0.0180631
0.0236744 0.0231192
0.0287928 0.0279739
0.0338022 0.0326766
0.0387374 0.0372629
0.0436225 0.0417576
0.0484743 0.0461773
0.0533043 0.0505337
0.0581205 0.0548347
0.0629283 0.0590859
0.0677315 0.063291
0.0725329 0.0674529
0.0773346 0.0715737
0.0821378 0.0756548
0.0869438 0.0796975
0.0917534 0.0837026
0.0965672 0.0876709
0.101386 0.0916031
0.10621 0.0954997
0.111039 0.0993611
0.115875 0.103188
0.120717 0.10698
0.125565 0.110739
0.130421 0.114464
0.135283 0.118155
0.140153 0.121814
0.145031 0.12544
0.149916 0.129033
0.154809 0.132594
0.15971 0.136124
0.16462 0.139621
0.169539 0.143087
0.174466 0.146522
0.179402 0.149925
0.184348 0.153298
0.189302 0.15664
0.194267 0.159952
0.199241 0.163233
0.204225 0.166485
0.209219 0.169706
0.214224 0.172898
0.219239 0.176061
0.224265 0.179194
0.229301 0.182298
0.234349 0.185373
0.239409 0.188419
0.244479 0.191437
0.249562 0.194426
0.254656 0.197386
0.259763 0.200319
0.264882 0.203224
0.270014 0.2061
0.275158 0.208949
0.280316 0.211771
0.285487 0.214565
0.290671 0.217332
0.295869 0.220071
0.301082 0.222784
0.306308 0.225469
0.311549 0.228128
0.316805 0.230761
0.322075 0.233367
0.327361 0.235946
0.332663 0.238499
0.33798 0.241026
0.343313 0.243527
0.348663 0.246003
0.354029 0.248452
0.359412 0.250875
0.364813 0.253273
0.37023 0.255646
0.375666 0.257993
0.38112 0.260315
0.386592 0.262612
0.392083 0.264883
0.397593 0.26713
0.403123 0.269351
0.408672 0.271548
0.414241 0.27372
0.419831 0.275867
0.425442 0.277989
0.431073 0.280087
0.436727 0.282161
0.442402 0.28421
0.448099 0.286234
0.453819 0.288235
0.459562 0.290211
0.465329 0.292162
0.471119 0.29409
0.476934 0.295994
0.482773 0.297873
0.488638 0.299729
0.494528 0.30156
0.500444 0.303367
0.506387 0.305151
0.512356 0.306911
0.518353 0.308646
0.524378 0.310358
0.530431 0.312046
0.536513 0.31371
0.542625 0.31535
0.548766 0.316967
0.554938 0.318559
0.56114 0.320128
0.567375 0.321673
0.573641 0.323194
0.57994 0.324691
0.586272 0.326164
0.592637 0.327613
0.599037 0.329039
0.605472 0.33044
0.611943 0.331817
0.61845 0.33317
0.624994 0.334499
0.631575 0.335804
0.638194 0.337085
0.644852 0.338341
0.65155 0.339573
0.658287 0.340781
0.665066 0.341964
0.671886 0.343123
0.678749 0.344257
0.685655 0.345366
0.692605 0.34645
0.699599 0.34751
0.706639 0.348544
0.713725 0.349553
0.720858 0.350537
0.72804 0.351496
0.73527 0.352429
0.742549 0.353337
0.74988 0.354219
0.757262 0.355075
0.764696 0.355905
0.772184 0.356709
0.779726 0.357486
0.787323 0.358237
0.794977 0.358962
0.802689 0.35966
0.810459 0.36033
0.818288 0.360974
0.826178 0.36159
0.83413 0.362179
0.842145 0.362739
0.850224 0.363272
0.858369 0.363777
0.86658 0.364254
0.874859 0.364702
0.883208 0.365121
0.891627 0.365511
0.900118 0.365872
0.908682 0.366203
0.917321 0.366504
0.926036 0.366776
0.93483 0.367017
0.943702 0.367227
0.952656 0.367407
0.961692 0.367555
0.970813 0.367672
0.980019 0.367757
0.989314 0.36781
0.998698 0.367831
1.00817 0.367819
1.01774 0.367774
1.02741 0.367695
1.03717 0.367583
1.04703 0.367436
1.057 0.367255
1.06707 0.367039
1.07724 0.366787
1.08753 0.3665
1.09793 0.366176
1.10844 0.365816
1.11907 0.365419
1.12981 0.364985
1.14068 0.364512
1.15168 0.364001
1.1628 0.363451
1.17406 0.362861
1.18545 0.362232
1.19699 0.361562
1.20866 0.36085
1.22048 0.360097
1.23245 0.359302
1.24457 0.358464
1.25686 0.357582
1.2693 0.356656
1.28192 0.355685
1.2947 0.354668
1.30767 0.353605
1.32081 0.352495
1.33415 0.351337
1.34767 0.35013
1.3614 0.348874
1.37534 0.347568
1.38948 0.34621
1.40385 0.344799
1.41845 0.343336
1.43328 0.341818
1.44835 0.340245
1.46367 0.338615
1.47926 0.336928
1.49512 0.335182
1.51125 0.333376
1.52768 0.331508
1.54441 0.329577
1.56146 0.327582
1.57883 0.325522
1.59655 0.323393
1.61462 0.321196
1.63307 0.318927
1.6519 0.316586
1.67114 0.314169
1.6908 0.311676
1.71091 0.309103
1.73149 0.306448
1.75256 0.303709
1.77415 0.300884
1.79628 0.297968
1.81899 0.294959
1.8423 0.291855
1.86626 0.28865
1.89089 0.285342
1.91625 0.281927
1.94237 0.278401
1.96931 0.274758
1.99712 0.270995
2.02586 0.267106
2.05558 0.263085
2.08637 0.258929
2.11829 0.254629
2.15143 0.250181
2.18586 0.24558
2.22169 0.240819
2.259 0.235893
2.29789 0.230799
2.33846 0.225534
2.38077 0.220099
2.42491 0.214497
2.47091 0.208737
2.51877 0.202833
2.56845 0.196806
2.61983 0.190686
2.67276 0.184506
2.72701 0.178306
2.78234 0.172128
2.83847 0.166012
2.89515 0.159993
2.95214 0.1541
3.00927 0.148356
3.06639 0.142775
3.12342 0.137364
3.18031 0.132126
3.23705 0.127062
3.29363 0.122166
3.3501 0.117433
3.40649 0.112858
3.46286 0.108432
3.51925 0.10415
3.57574 0.100004
3.63237 0.0959888
3.68922 0.0920972
3.74635 0.0883239
3.80382 0.0846637
3.86169 0.0811118
3.92002 0.0776638
3.97889 0.0743157
4.03835 0.0710637
4.09847 0.0679044
4.15932 0.0648349
4.22096 0.0618521
4.28348 0.0589536
4.34694 0.0561369
4.41141 0.0533999
4.477 0.0507404
4.54377 0.0481568
4.61182 0.0456472
4.68125 0.0432101
4.75216 0.0408441
4.82466 0.0385479
4.89887 0.0363201
4.97493 0.0341598
5.05298 0.0320659
5.13316 0.0300373
5.21565 0.0280733
5.30064 0.0261729
5.38832 0.0243355
5.47893 0.0225601
5.57272 0.0208463
5.66998 0.0191931
5.77101 0.0175999
5.87619 0.0160659
5.98592 0.0145902
6.10067 0.013172
6.22098 0.01181
6.34746 0.0105028
6.48085 0.00924857
6.622 0.00804495
6.77191 0.00688869
6.93177 0.00577534
7.10302 0.00469865
7.28735 0.00364972
7.48675 0.00261562
7.70346 0.00157748
7.9396 0.000507956
8 0.000237635



0.0001 9.999e-05
0.0223123 0.0218145
0.0404212 0.0388029
0.0577866 0.054513
0.0745786 0.069178
0.0910151 0.0830444
0.107266 0.0962915
0.123454 0.10904
0.139662 0.12137
0.155951 0.133333
0.172362 0.144962
0.188926 0.156281
0.205667 0.167302
0.222604 0.178035
0.239751 0.188487
0.257122 0.19866
0.27473 0.208557
0.292586 0.218179
0.310702 0.227525
0.329088 0.236597
0.347757 0.245391
0.36672 0.253909
0.385989 0.262147
0.405578 0.270105
0.425499 0.27778
0.445767 0.28517
0.466396 0.292272
0.487403 0.299084
0.508803 0.305602
0.530615 0.311824
0.552858 0.317745
0.57555 0.323362
0.598714 0.32867
0.622372 0.333666
0.646548 0.338344
0.671269 0.3427
0.696562 0.346727
0.722457 0.35042
0.748987 0.353773
0.776186 0.356778
0.804092 0.35943
0.832746 0.361719
0.862192 0.363638
0.892478 0.365177
0.923657 0.366328
0.955788 0.36708
0.988932 0.367422
1.02316 0.367342
1.05855 0.366827
1.09519 0.365864
1.13317 0.364437
1.17261 0.362531
1.21362 0.360126
1.25633 0.357205
1.30092 0.353744
1.34755 0.349721
1.39643 0.345109
1.4478 0.339878
1.50195 0.333994
1.5592 0.327421
1.61995 0.320116
1.68467 0.312028
1.75395 0.3031
1.82851 0.293267
1.90924 0.282448
1.99728 0.270551
2.09411 0.257466
2.20162 0.243067
2.32227 0.227219
2.45912 0.209805
2.61547 0.190815
2.79353 0.170533
2.9921 0.149737
3.20606 0.129532
3.42944 0.110822
3.65854 0.0940292
3.89246 0.079189
4.13233 0.0661532
4.38053 0.0547238
4.64021 0.0447151
4.91523 0.0359721
5.2102 0.0283712
5.53081 0.0218132
5.8843 0.016215
6.28026 0.0114979
6.73192 0.00757235
7.25826 0.00430772
7.88776 0.00145803
8 0.000980351



0.0001 9.999e-05
0.0956332 0.0864888
0.181955 0.150285
0.264474 0.200683
0.346202 0.241711
0.429451 0.275555
0.515964 0.303319
0.607184 0.325524
0.704453 0.342367
0.809176 0.35386
0.922954 0.359901
1.04775 0.360314
1.18607 0.354867
1.3413 0.343276
1.51817 0.325218
1.72366 0.300319
1.96866 0.268171
2.27151 0.228369
2.66588 0.180748
3.21163 0.12717
3.93194 0.0792031
4.77222 0.048505
5.73204 0.0357094
6.86802 0.0443871
8 0.0869885



0.0001 9.999e-05
0.1251 0.109452
0.318807 0.225634
0.567957 0.307723
0.877537 0.342761
1.26667 0.329833
1.77624 0.275338
2.49577 0.194943
3.6671 0.129651
5.68256 0.231918
8 0.965319



