0.001 0.000999
0.00942208 0.00933321
0.0175638 0.0172529
0.0259845 0.0253011
0.0347071 0.0334832
0.0436952 0.041748
0.0529066 0.0500413
0.0623052 0.0583169
0.0718626 0.0665375
0.0815572 0.074674
0.0913729 0.0827027
0.101297 0.0906044
0.11132 0.0983626
0.121432 0.105963
0.131627 0.113392
0.141896 0.120638
0.152231 0.127689
0.162624 0.134534
0.173066 0.141161
0.183546 0.14756
0.194054 0.153722
0.204576 0.159636
0.2151 0.165294
0.225611 0.170689
0.236095 0.175815
0.246536 0.180666
0.25692 0.185239
0.267232 0.189533
0.277458 0.193547
0.287585 0.197285
0.297601 0.200749
0.307497 0.203945
0.317264 0.206879
0.326896 0.209559
0.336388 0.211993
0.345737 0.214192
0.354943 0.216164
0.364005 0.21792
0.372925 0.219469
0.381707 0.220822
0.390354 0.221988
0.398871 0.222977
0.407264 0.223797
0.415539 0.224457
0.423702 0.224963
0.43176 0.225325
0.43972 0.225547
0.447589 0.225636
0.455373 0.225598
0.46308 0.225437
0.470715 0.225158
0.478284 0.224765
0.485794 0.224262
0.493249 0.223651
0.500655 0.222936
0.508016 0.22212
0.515335 0.221205
0.522617 0.220193
0.529866 0.219087
0.537084 0.217888
0.544273 0.216598
0.551438 0.215219
0.558579 0.213752
0.565699 0.2122
0.5728 0.210563
0.579883 0.208843
0.586951 0.207041
0.594003 0.205159
0.601043 0.203199
0.608071 0.20116
0.615087 0.199045
0.622094 0.196855
0.629092 0.194591
0.636081 0.192255
0.643064 0.189847
0.65004 0.187368
0.65701 0.184821
0.663975 0.182206
0.670936 0.179523
0.677893 0.176775
0.684847 0.173963
0.691798 0.171087
0.698748 0.168149
0.705695 0.16515
0.712642 0.162091
0.719589 0.158974
0.726535 0.155798
0.733483 0.152566
0.740431 0.149279
0.74738 0.145937
0.754332 0.142542
0.761286 0.139095
0.768243 0.135597
0.775202 0.132049
0.782166 0.128452
0.789134 0.124808
0.796106 0.121117
0.803083 0.117381
0.810066 0.113601
0.817054 0.109778
0.824049 0.105912
0.83105 0.102006
0.838058 0.0980604
0.845074 0.094076
0.852097 0.0900542
0.859129 0.0859961
0.86617 0.0819028
0.87322 0.0777756
0.880279 0.0736155
0.887348 0.0694237
0.894428 0.0652015
0.901519 0.0609498
0.908621 0.0566699
0.915735 0.0523631
0.922862 0.0480303
0.930001 0.0436729
0.937153 0.0392921
0.944319 0.0348889
0.9515 0.0304646
0.958695 0.0260205
0.965906 0.0215576
0.973132 0.0170773
0.980375 0.0125807
0.987635 0.0080691
0.994913 0.0035437
1 0.000379371



0.001 0.000999
0.0126695 0.0125091
0.0231139 0.022582
0.0330519 0.0319689
0.0425537 0.0407656
0.0517359 0.0491029
0.060694 0.0570834
0.0694967 0.0647796
0.078192 0.0722411
0.0868127 0.0795021
0.0953814 0.0865858
0.103914 0.0935086
0.112421 0.100282
0.120909 0.106914
0.129386 0.113411
0.137853 0.119778
0.146316 0.126018
0.154775 0.132135
0.163232 0.138131
0.17169 0.144008
0.180149 0.149769
0.188611 0.155416
0.197076 0.160949
0.205546 0.166371
0.214021 0.171683
0.222502 0.176887
0.23099 0.181984
0.239486 0.186975
0.24799 0.191861
0.256503 0.196644
0.265025 0.201324
0.273559 0.205904
0.282103 0.210383
0.29066 0.214764
0.29923 0.219046
0.307813 0.223232
0.31641 0.227322
0.325022 0.231316
0.33365 0.235216
0.342295 0.239023
0.350958 0.242737
0.359638 0.24636
0.368338 0.249892
0.377058 0.253333
0.385798 0.256685
0.394561 0.259949
0.403346 0.263124
0.412156 0.266212
0.42099 0.269213
0.429849 0.272128
0.438736 0.274957
0.44765 0.277701
0.456593 0.28036
0.465567 0.282936
0.474572 0.285427
0.483609 0.287836
0.492679 0.290161
0.501785 0.292404
0.510927 0.294565
0.520106 0.296644
0.529324 0.298641
0.538582 0.300557
0.547881 0.302391
0.557224 0.304145
0.566611 0.305817
0.576043 0.307409
0.585523 0.30892
0.595052 0.31035
0.604632 0.311699
0.614264 0.312967
0.623949 0.314155
0.63369 0.315261
0.643488 0.316287
0.653345 0.317231
0.663263 0.318093
0.673243 0.318873
0.683288 0.319571
0.693398 0.320187
0.703576 0.32072
0.713825 0.321169
0.724145 0.321534
0.734539 0.321815
0.745009 0.322012
0.755557 0.322122
0.766184 0.322147
0.776894 0.322085
0.787688 0.321936
0.798568 0.321699
0.809537 0.321372
0.820596 0.320957
0.831748 0.32045
0.842996 0.319853
0.854341 0.319163
0.865786 0.31838
0.877334 0.317503
0.888986 0.316531
0.900746 0.315463
0.912616 0.314298
0.924598 0.313035
0.936696 0.311672
0.948911 0.310209
0.961248 0.308643
0.973708 0.306975
0.986294 0.305203
0.99901 0.303325
1.01186 0.301341
1.02484 0.299248
1.03797 0.297046
1.05123 0.294732
1.06464 0.292306
1.0782 0.289766
1.09192 0.28711
1.10579 0.284338
1.11982 0.281446
1.13401 0.278434
1.14837 0.2753
1.16291 0.272042
1.17762 0.268658
1.19252 0.265146
1.2076 0.261505
1.22287 0.257733
1.23834 0.253827
1.25401 0.249786
1.26989 0.245607
1.28598 0.241289
1.30229 0.236828
1.31882 0.232223
1.33559 0.227472
1.3526 0.222572
1.36985 0.21752
1.38735 0.212314
1.40511 0.206951
1.42315 0.201428
1.44146 0.195743
1.46006 0.189893
1.47895 0.183875
1.49815 0.177685
1.51766 0.17132
1.53751 0.164777
1.55769 0.158052
1.57822 0.151142
1.59912 0.144043
1.62039 0.136751
1.64206 0.129262
1.66413 0.121572
1.68663 0.113676
1.70957 0.105571
1.73296 0.0972503
1.75684 0.0887105
1.78121 0.0799462
1.8061 0.0709523
1.83154 0.0617235
1.85754 0.0522544
1.88413 0.0425396
1.91134 0.0325735
1.9392 0.0223505
1.96774 0.0118651
1.99698 0.0011118
2 1.18294e-06



0.001 0.000999
0.00956208 0.00947075
0.0166652 0.0163888
0.0235104 0.0229624
0.0301239 0.0292276
0.0365654 0.0352493
0.0428861 0.0410817
0.0491244 0.0467646
0.0553074 0.0523257
0.0614541 0.0577844
0.0675778 0.0631541
0.0736877 0.068444
0.0797902 0.0736609
0.0858899 0.0788092
0.0919902 0.0838926
0.0980935 0.0889136
0.104202 0.0938742
0.110316 0.0987759
0.116438 0.10362
0.122568 0.108408
0.128707 0.11314
0.134857 0.117817
0.141016 0.122441
0.147187 0.127011
0.153368 0.131528
0.159562 0.135993
0.165768 0.140407
0.171988 0.144769
0.17822 0.149081
0.184466 0.153343
0.190726 0.157555
0.197 0.161717
0.203289 0.165831
0.209594 0.169897
0.215914 0.173914
0.22225 0.177884
0.228603 0.181806
0.234972 0.185682
0.241359 0.189511
0.247764 0.193294
0.254186 0.197031
0.260627 0.200722
0.267087 0.204368
0.273566 0.207969
0.280066 0.211526
0.286585 0.215038
0.293125 0.218506
0.299687 0.22193
0.30627 0.225311
0.312875 0.228649
0.319503 0.231943
0.326154 0.235195
0.332828 0.238405
0.339527 0.241572
0.346251 0.244697
0.353 0.247781
0.359775 0.250823
0.366576 0.253824
0.373404 0.256783
0.380259 0.259702
0.387143 0.26258
0.394056 0.265417
0.400998 0.268214
0.40797 0.270971
0.414973 0.273688
0.422008 0.276365
0.429074 0.279002
0.436174 0.2816
0.443307 0.284158
0.450474 0.286677
0.457676 0.289157
0.464914 0.291597
0.472189 0.293999
0.479501 0.296361
0.486851 0.298685
0.49424 0.30097
0.50167 0.303217
0.50914 0.305424
0.516651 0.307594
0.524206 0.309724
0.531804 0.311816
0.539446 0.31387
0.547134 0.315885
0.554869 0.317862
0.562651 0.3198
0.570481 0.3217
0.578362 0.323561
0.586293 0.325384
0.594276 0.327168
0.602311 0.328913
0.610402 0.33062
0.618547 0.332288
0.626749 0.333917
0.635009 0.335507
0.643328 0.337058
0.651707 0.338569
0.660148 0.340041
0.668653 0.341474
0.677221 0.342867
0.685856 0.34422
0.694558 0.345533
0.70333 0.346806
0.712171 0.348038
0.721085 0.349229
0.730072 0.35038
0.739135 0.35149
0.748274 0.352558
0.757493 0.353584
0.766791 0.354568
0.776172 0.35551
0.785638 0.35641
0.795189 0.357266
0.804829 0.35808
0.814558 0.358849
0.82438 0.359575
0.834296 0.360256
0.844309 0.360893
0.85442 0.361484
0.864633 0.36203
0.874949 0.362529
0.885371 0.362982
0.895901 0.363388
0.906543 0.363746
0.917298 0.364057
0.92817 0.364319
0.939161 0.364531
0.950275 0.364694
0.961514 0.364807
0.972882 0.364868
0.984382 0.364879
0.996018 0.364836
1.00779 0.364742
1.01971 0.364593
1.03177 0.36439
1.04399 0.364133
1.05635 0.363819
1.06888 0.363449
1.08157 0.363021
1.09443 0.362535
1.10745 0.36199
1.12066 0.361385
1.13405 0.360719
1.14763 0.359991
1.1614 0.3592
1.17537 0.358345
1.18955 0.357425
1.20393 0.356439
1.21854 0.355385
1.23338 0.354262
1.24844 0.353069
1.26375 0.351805
1.27931 0.350469
1.29513 0.349058
1.31122 0.347571
1.32759 0.346008
1.34424 0.344365
1.36119 0.342642
1.37845 0.340836
1.39604 0.338946
1.41396 0.336969
1.43224 0.334904
1.45087 0.332749
1.46989 0.3305
1.48931 0.328155
1.50914 0.325712
1.52941 0.323168
1.55014 0.32052
1.57134 0.317764
1.59305 0.314897
1.61529 0.311916
1.63809 0.308817
1.66148 0.305594
1.6855 0.302245
1.71018 0.298763
1.73556 0.295143
1.76169 0.29138
1.78861 0.287467
1.81639 0.283397
1.84509 0.279162
1.87476 0.274753
1.9055 0.270162
1.93738 0.265378
1.9705 0.260388
2.00497 0.25518
2.04092 0.249738
2.07849 0.244047
2.11786 0.238087
2.1592 0.231835
2.20274 0.225268
2.24874 0.218357
2.2975 0.211071
2.34936 0.203375
2.40472 0.195229
2.464 0.186596
2.52763 0.177443
2.596 0.167749
2.6693 0.157525
2.74742 0.146834
2.82975 0.135797
2.91522 0.124594
3.0025 0.113415
3.09035 0.102428
3.17778 0.0917441
3.26418 0.0814183
3.34924 0.0714631
3.43285 0.0618634
3.51503 0.05259
3.59584 0.0436092
3.67535 0.0348878
3.75359 0.0263962
3.83057 0.0181094
3.90627 0.010007
3.98064 0.00207316
4 8.16531e-06



0.001 0.000999
0.00777217 0.00771183
0.0133685 0.0131905
0.0187628 0.0184132
0.0239768 0.0234077
0.0290566 0.028223
0.0340416 0.0329005
0.0389614 0.0374705
0.0438369 0.0419543
0.0486827 0.0463667
0.053509 0.050718
0.0583229 0.0550153
0.0631294 0.0592635
0.0679319 0.0634664
0.072733 0.0676263
0.0775345 0.0717454
0.0823379 0.0758249
0.087144 0.0798661
0.0919539 0.0838698
0.096768 0.0878368
0.101587 0.0917676
0.106411 0.0956629
0.111241 0.0995231
0.116077 0.103349
0.12092 0.10714
0.125769 0.110897
0.130624 0.114621
0.135487 0.118311
0.140358 0.121969
0.145236 0.125593
0.150121 0.129185
0.155015 0.132745
0.159917 0.136273
0.164827 0.13977
0.169746 0.143235
0.174674 0.146668
0.179611 0.150071
0.184557 0.153442
0.189512 0.156783
0.194477 0.160094
0.199452 0.163374
0.204437 0.166624
0.209431 0.169845
0.214437 0.173036
0.219452 0.176197
0.224479 0.179329
0.229516 0.182432
0.234565 0.185506
0.239625 0.188551
0.244696 0.191567
0.249779 0.194555
0.254874 0.197515
0.259982 0.200447
0.265102 0.20335
0.270234 0.206226
0.275379 0.209074
0.280538 0.211894
0.285709 0.214687
0.290894 0.217453
0.296093 0.220191
0.301306 0.222903
0.306533 0.225588
0.311775 0.228246
0.317032 0.230877
0.322303 0.233482
0.32759 0.23606
0.332892 0.238612
0.33821 0.241138
0.343544 0.243639
0.348895 0.246113
0.354262 0.248561
0.359646 0.250984
0.365047 0.253381
0.370466 0.255752
0.375903 0.258098
0.381358 0.260419
0.386831 0.262715
0.392323 0.264985
0.397834 0.267231
0.403365 0.269451
0.408915 0.271647
0.414485 0.273818
0.420076 0.275964
0.425688 0.278085
0.431321 0.280182
0.436975 0.282255
0.442651 0.284303
0.44835 0.286327
0.454071 0.288326
0.459815 0.290301
0.465583 0.292252
0.471375 0.294179
0.477191 0.296081
0.483031 0.29796
0.488897 0.299814
0.494789 0.301645
0.500706 0.303451
0.50665 0.305234
0.512621 0.306992
0.518619 0.308727
0.524646 0.310438
0.5307 0.312125
0.536784 0.313788
0.542897 0.315427
0.54904 0.317043
0.555213 0.318634
0.561417 0.320202
0.567653 0.321746
0.573921 0.323266
0.580221 0.324762
0.586555 0.326234
0.592922 0.327682
0.599324 0.329106
0.605761 0.330507
0.612233 0.331883
0.618742 0.333235
0.625287 0.334563
0.63187 0.335867
0.638492 0.337147
0.645152 0.338402
0.651851 0.339633
0.658591 0.34084
0.665372 0.342022
0.672194 0.343179
0.679059 0.344312
0.685967 0.34542
0.692919 0.346504
0.699916 0.347562
0.706958 0.348595
0.714046 0.349603
0.721182 0.350586
0.728365 0.351544
0.735598 0.352476
0.74288 0.353383
0.750213 0.354263
0.757598 0.355118
0.765035 0.355947
0.772525 0.35675
0.78007 0.357526
0.78767 0.358276
0.795327 0.358999
0.803041 0.359696
0.810814 0.360365
0.818646 0.361008
0.82654 0.361623
0.834495 0.36221
0.842513 0.36277
0.850595 0.363301
0.858743 0.363805
0.866958 0.36428
0.87524 0.364727
0.883592 0.365145
0.892014 0.365533
0.900509 0.365893
0.909077 0.366223
0.91772 0.366523
0.926439 0.366793
0.935236 0.367032
0.944113 0.367241
0.95307 0.36742
0.962111 0.367567
0.971235 0.367682
0.980446 0.367766
0.989745 0.367817
0.999134 0.367836
1.00861 0.367823
1.01819 0.367776
1.02786 0.367696
1.03763 0.367582
1.04749 0.367434
1.05746 0.367251
1.06754 0.367033
1.07772 0.36678
1.08801 0.366491
1.09841 0.366166
1.10893 0.365804
1.11956 0.365405
1.13032 0.364969
1.14119 0.364494
1.1522 0.363981
1.16333 0.363429
1.17459 0.362838
1.18599 0.362206
1.19753 0.361534
1.20921 0.360821
1.22104 0.360066
1.23301 0.359269
1.24515 0.358428
1.25744 0.357544
1.26989 0.356616
1.28251 0.355643
1.29531 0.354624
1.30828 0.353559
1.32144 0.352447
1.33478 0.351286
1.34832 0.350077
1.36205 0.348819
1.376 0.34751
1.39016 0.346149
1.40454 0.344736
1.41914 0.34327
1.43398 0.34175
1.44907 0.340174
1.46441 0.338542
1.48 0.336851
1.49587 0.335102
1.51203 0.333293
1.52847 0.331423
1.54522 0.329489
1.56228 0.327491
1.57967 0.325427
1.5974 0.323295
1.61549 0.321094
1.63396 0.318822
1.65281 0.316477
1.67207 0.314057
1.69175 0.311559
1.71189 0.308982
1.73249 0.306324
1.75358 0.303581
1.7752 0.300751
1.79735 0.29783
1.82009 0.294817
1.84343 0.291708
1.86742 0.288498
1.89209 0.285185
1.91749 0.281765
1.94365 0.278233
1.97063 0.274584
1.99848 0.270815
2.02727 0.266919
2.05704 0.262892
2.08788 0.258728
2.11986 0.254422
2.15306 0.249967
2.18756 0.245357
2.22346 0.240588
2.26085 0.235654
2.29982 0.230551
2.34046 0.225278
2.38287 0.219835
2.4271 0.214225
2.47319 0.208457
2.52114 0.202546
2.5709 0.196514
2.62237 0.19039
2.67537 0.184208
2.72968 0.178008
2.78505 0.171831
2.84122 0.165719
2.89791 0.159705
2.95492 0.153819
3.01205 0.148083
3.06917 0.142509
3.1262 0.137106
3.18309 0.131877
3.23981 0.126821
3.2964 0.121932
3.35286 0.117208
3.40925 0.112639
3.46562 0.108221
3.52202 0.103945
3.57851 0.0998061
3.63516 0.0957966
3.69202 0.0919107
3.74916 0.0881429
3.80665 0.084488
3.86454 0.0809412
3.9229 0.077498
3.9818 0.0741546
4.04129 0.0709071
4.10145 0.0677522
4.16234 0.0646869
4.22403 0.0617082
4.28659 0.0588137
4.35009 0.0560009
4.41463 0.0532676
4.48027 0.0506118
4.5471 0.0480318
4.61522 0.0455257
4.68472 0.0430921
4.75571 0.0407295
4.8283 0.0384365
4.9026 0.0362121
4.97876 0.034055
5.05691 0.0319643
5.1372 0.0299389
5.21982 0.0279779
5.30493 0.0260807
5.39276 0.0242463
5.48352 0.022474
5.57748 0.0207631
5.67492 0.0191129
5.77615 0.0175226
5.88155 0.0159915
5.99152 0.0145187
6.10654 0.0131033
6.22714 0.011744
6.35396 0.0104395
6.48772 0.00918789
6.62928 0.00798674
6.77966 0.00683277
6.94006 0.00572147
7.11192 0.00464649
7.29696 0.00359875
7.49718 0.00256509
7.71482 0.0015263
7.95198 0.000454549
8 0.000239778



0.001 0.000999
0.00610596 0.00606872
0.0106942 0.0105802
0.0150683 0.0148426
0.0192633 0.0188952
0.023329 0.0227903
0.0273051 0.0265688
0.0312202 0.0302596
0.0350941 0.0338827
0.0389402 0.0374517
0.0427678 0.0409758
0.0465831 0.0444613
0.0503907 0.0479126
0.0541934 0.0513327
0.0579935 0.0547238
0.0617925 0.0580875
0.0655914 0.0614248
0.0693912 0.0647367
0.0731924 0.0680239
0.0769956 0.0712869
0.0808012 0.0745261
0.0846094 0.0777419
0.0884206 0.0809347
0.092235 0.0841047
0.0960528 0.0872521
0.0998741 0.0903773
0.103699 0.0934804
0.107528 0.0965616
0.111361 0.0996211
0.115198 0.102659
0.11904 0.105676
0.122886 0.108671
0.126736 0.111645
0.130591 0.114598
0.134451 0.117531
0.138315 0.120443
0.142185 0.123334
0.146059 0.126205
0.149939 0.129056
0.153824 0.131886
0.157714 0.134697
0.16161 0.137487
0.165511 0.140258
0.169418 0.143008
0.17333 0.14574
0.177249 0.148451
0.181173 0.151144
0.185103 0.153817
0.189039 0.15647
0.192981 0.159105
0.19693 0.16172
0.200885 0.164317
0.204846 0.166895
0.208814 0.169454
0.212789 0.171994
0.21677 0.174516
0.220758 0.177019
0.224753 0.179504
0.228755 0.181971
0.232764 0.184419
0.236781 0.186849
0.240804 0.189262
0.244835 0.191656
0.248874 0.194032
0.25292 0.19639
0.256974 0.198731
0.261036 0.201054
0.265106 0.203359
0.269184 0.205647
0.27327 0.207917
0.277365 0.21017
0.281468 0.212406
0.285579 0.214624
0.289699 0.216825
0.293828 0.219009
0.297965 0.221176
0.302112 0.223326
0.306268 0.225459
0.310433 0.227576
0.314607 0.229675
0.318791 0.231758
0.322985 0.233824
0.327188 0.235873
0.331401 0.237906
0.335624 0.239922
0.339858 0.241922
0.344102 0.243906
0.348356 0.245873
0.352621 0.247824
0.356896 0.249759
0.361183 0.251677
0.36548 0.25358
0.369789 0.255466
0.374109 0.257336
0.37844 0.259191
0.382784 0.261029
0.387139 0.262852
0.391506 0.264658
0.395885 0.266449
0.400276 0.268224
0.40468 0.269984
0.409097 0.271728
0.413526 0.273456
0.417968 0.275168
0.422424 0.276865
0.426893 0.278547
0.431376 0.280213
0.435872 0.281863
0.440382 0.283498
0.444906 0.285118
0.449445 0.286722
0.453998 0.288311
0.458566 0.289885
0.463149 0.291443
0.467747 0.292986
0.47236 0.294514
0.476989 0.296026
0.481633 0.297524
0.486294 0.299006
0.49097 0.300473
0.495663 0.301925
0.500373 0.303361
0.5051 0.304783
0.509844 0.306189
0.514605 0.307581
0.519384 0.308957
0.52418 0.310318
0.528995 0.311664
0.533828 0.312995
0.538679 0.314311
0.54355 0.315612
0.54844 0.316898
0.553349 0.318169
0.558277 0.319425
0.563226 0.320665
0.568195 0.321891
0.573184 0.323101
0.578194 0.324296
0.583225 0.325476
0.588277 0.326642
0.593352 0.327791
0.598448 0.328926
0.603566 0.330046
0.608707 0.33115
0.613871 0.332239
0.619058 0.333313
0.624269 0.334372
0.629503 0.335415
0.634762 0.336443
0.640045 0.337456
0.645354 0.338453
0.650687 0.339435
0.656046 0.340401
0.661431 0.341352
0.666843 0.342288
0.672281 0.343208
0.677746 0.344112
0.683239 0.345
0.688759 0.345873
0.694308 0.34673
0.699885 0.347572
0.705492 0.348397
0.711128 0.349207
0.716794 0.35
0.72249 0.350778
0.728217 0.351539
0.733975 0.352285
0.739765 0.353014
0.745587 0.353727
0.751442 0.354423
0.757329 0.355103
0.763251 0.355767
0.769206 0.356413
0.775195 0.357044
0.78122 0.357657
0.78728 0.358254
0.793377 0.358834
0.79951 0.359397
0.80568 0.359943
0.811887 0.360471
0.818133 0.360983
0.824418 0.361477
0.830742 0.361953
0.837106 0.362412
0.843511 0.362854
0.849957 0.363277
0.856445 0.363683
0.862975 0.364071
0.869548 0.36444
0.876165 0.364792
0.882827 0.365125
0.889534 0.365439
0.896286 0.365735
0.903085 0.366013
0.909932 0.366271
0.916826 0.366511
0.923769 0.366731
0.930762 0.366932
0.937805 0.367114
0.9449 0.367276
0.952046 0.367419
0.959246 0.367542
0.966499 0.367644
0.973806 0.367727
0.98117 0.367789
0.98859 0.367831
0.996067 0.367853
1.0036 0.367853
1.0112 0.367832
1.01885 0.367791
1.02657 0.367728
1.03435 0.367643
1.04219 0.367537
1.0501 0.367408
1.05808 0.367258
1.06612 0.367085
1.07423 0.36689
1.08241 0.366672
1.09066 0.366431
1.09898 0.366167
1.10737 0.36588
1.11585 0.365569
1.12439 0.365234
1.13302 0.364875
1.14172 0.364491
1.15051 0.364083
1.15938 0.36365
1.16833 0.363192
1.17737 0.362708
1.1865 0.362199
1.19571 0.361664
1.20502 0.361102
1.21442 0.360514
1.22392 0.359899
1.23352 0.359257
1.24321 0.358587
1.25301 0.357889
1.26291 0.357163
1.27291 0.356409
1.28303 0.355626
1.29326 0.354813
1.3036 0.35397
1.31406 0.353098
1.32463 0.352195
1.33533 0.351261
1.34616 0.350296
1.35712 0.349299
1.3682 0.348269
1.37943 0.347207
1.39079 0.346112
1.40229 0.344983
1.41395 0.34382
1.42575 0.342622
1.43771 0.341389
1.44982 0.34012
1.46211 0.338814
1.47456 0.337471
1.48718 0.33609
1.49998 0.334671
1.51297 0.333213
1.52615 0.331715
1.53952 0.330177
1.5531 0.328596
1.56688 0.326974
1.58089 0.325309
1.59511 0.3236
1.60957 0.321846
1.62427 0.320046
1.63921 0.318199
1.65442 0.316304
1.66989 0.314361
1.68564 0.312367
1.70167 0.310322
1.71801 0.308225
1.73466 0.306073
1.75163 0.303866
1.76894 0.301602
1.78661 0.29928
1.80464 0.296898
1.82307 0.294454
1.84189 0.291946
1.86114 0.289373
1.88083 0.286732
1.90098 0.284022
1.92163 0.28124
1.94279 0.278383
1.96449 0.27545
1.98675 0.272437
2.00962 0.269343
2.03313 0.266163
2.0573 0.262895
2.08218 0.259535
2.1078 0.256082
2.13422 0.252531
2.16148 0.248879
2.18961 0.245124
2.21868 0.241261
2.24874 0.237289
2.27982 0.233206
2.31199 0.229009
2.34529 0.224699
2.37975 0.220277
2.41541 0.215746
2.45228 0.21111
2.49036 0.206377
2.52962 0.201559
2.57003 0.196668
2.6115 0.191724
2.65393 0.186744
2.6972 0.181751
2.74117 0.176768
2.7857 0.171815
2.83065 0.166914
2.87587 0.162083
2.92126 0.157335
2.96672 0.152682
3.01217 0.148133
3.05757 0.143692
3.10288 0.139362
3.14808 0.135143
3.19316 0.131036
3.23814 0.127037
3.28302 0.123145
3.32784 0.119356
3.3726 0.115666
3.41735 0.112072
3.4621 0.108571
3.50689 0.105158
3.55176 0.101831
3.59672 0.0985868
3.64182 0.0954213
3.68709 0.0923322
3.73255 0.0893166
3.77824 0.0863722
3.82419 0.0834966
3.87044 0.0806874
3.91701 0.0779427
3.96395 0.0752606
4.01127 0.0726393
4.05902 0.070077
4.10723 0.0675723
4.15593 0.0651238
4.20516 0.06273
4.25496 0.0603897
4.30537 0.0581018
4.35642 0.0558651
4.40816 0.0536787
4.46062 0.0515416
4.51387 0.0494529
4.56793 0.0474119
4.62287 0.0454177
4.67873 0.0434696
4.73557 0.041567
4.79345 0.0397094
4.85243 0.0378961
4.91258 0.0361266
4.97398 0.0344005
5.03669 0.0327173
5.1008 0.0310767
5.16641 0.0294783
5.2336 0.0279219
5.30248 0.026407
5.37316 0.0249336
5.44577 0.0235014
5.52044 0.0221102
5.59732 0.0207599
5.67658 0.0194505
5.75838 0.0181818
5.84293 0.0169539
5.93045 0.0157667
6.02118 0.0146204
6.11541 0.013515
6.21342 0.0124506
6.31559 0.0114274
6.42229 0.0104456
6.53398 0.00950543
6.65118 0.00860721
6.77448 0.00775125
6.90458 0.00693792
7.04228 0.00616763
7.18856 0.00544083
7.34453 0.00475804
7.51157 0.00411977
7.69135 0.00352661
7.88588 0.00297915
8.09772 0.002478
8.33006 0.00202376
8.58701 0.00161699
8.87394 0.00125817
9.19806 0.000947612
9.56921 0.000685345
10.0013 0.000470954
10.5148 0.000303329
11.1406 0.000180319
11.9281 9.83769e-05
12.9599 5.26819e-05
14.379 4.07842e-05
16 6.98058e-05



