


0.001 0.000999
0.00777217 0.00771183
0.0133685 0.0131905
0.0187628 0.0184132
0.0239768 0.0234077
0.0290566 0.028223
0.0340416 0.0329005
0.0389614 0.0374705
0.0438369 0.0419543
0.0486827 0.0463667
0.053509 0.050718
0.0583229 0.0550153
0.0631294 0.0592635
0.0679319 0.0634664
0.072733 0.0676263
0.0775345 0.0717454
0.0823379 0.0758249
0.087144 0.0798661
0.0919539 0.0838698
0.096768 0.0878368
0.101587 0.0917676
0.106411 0.0956629
0.111241 0.0995231
0.116077 0.103349
0.12092 0.10714
0.125769 0.110897
0.130624 0.114621
0.135487 0.118311
0.140358 0.121969
0.145236 0.125593
0.150121 0.129185
0.155015 0.132745
0.159917 0.136273
0.164827 0.13977
0.169746 0.143235
0.174674 0.146668
0.179611 0.150071
0.184557 0.153442
0.189512 0.156783
0.194477 0.160094
0.199452 0.163374
0.204437 0.166624
0.209431 0.169845
0.214437 0.173036
0.219452 0.176197
0.224479 0.179329
0.229516 0.182432
0.234565 0.185506
0.239625 0.188551
0.244696 0.191567
0.249779 0.194555
0.254874 0.197515
0.259982 0.200447
0.265102 0.20335
0.270234 0.206226
0.275379 0.209074
0.280538 0.211894
0.285709 0.214687
0.290894 0.217453
0.296093 0.220191
0.301306 0.222903
0.306533 0.225588
0.311775 0.228246
0.317032 0.230877
0.322303 0.233482
0.32759 0.23606
0.332892 0.238612
0.33821 0.241138
0.343544 0.243639
0.348895 0.246113
0.354262 0.248561
0.359646 0.250984
0.365047 0.253381
0.370466 0.255752
0.375903 0.258098
0.381358 0.260419
0.386831 0.262715
0.392323 0.264985
0.397834 0.267231
0.403365 0.269451
0.408915 0.271647
0.414485 0.273818
0.420076 0.275964
0.425688 0.278085
0.431321 0.280182
0.436975 0.282255
0.442651 0.284303
0.44835 0.286327
0.454071 0.288326
0.459815 0.290301
0.465583 0.292252
0.471375 0.294179
0.477191 0.296081
0.483031 0.29796
0.488897 0.299814
0.494789 0.301645
0.500706 0.303451
0.50665 0.305234
0.512621 0.306992
0.518619 0.308727
0.524646 0.310438
0.5307 0.312125
0.536784 0.313788
0.542897 0.315427
0.54904 0.317043
0.555213 0.318634
0.561417 0.320202
0.567653 0.321746
0.573921 0.323266
0.580221 0.324762
0.586555 0.326234
0.592922 0.327682
0.599324 0.329106
0.605761 0.330507
0.612233 0.331883
0.618742 0.333235
0.625287 0.334563
0.63187 0.335867
0.638492 0.337147
0.645152 0.338402
0.651851 0.339633
0.658591 0.34084
0.665372 0.342022
0.672194 0.343179
0.679059 0.344312
0.685967 0.34542
0.692919 0.346504
0.699916 0.347562
0.706958 0.348595
0.714046 0.349603
0.721182 0.350586
0.728365 0.351544
0.735598 0.352476
0.74288 0.353383
0.750213 0.354263
0.757598 0.355118
0.765035 0.355947
0.772525 0.35675
0.78007 0.357526
0.78767 0.358276
0.795327 0.358999
0.803041 0.359696
0.810814 0.360365
0.818646 0.361008
0.82654 0.361623
0.834495 0.36221
0.842513 0.36277
0.850595 0.363301
0.858743 0.363805
0.866958 0.36428
0.87524 0.364727
0.883592 0.365145
0.892014 0.365533
0.900509 0.365893
0.909077 0.366223
0.91772 0.366523
0.926439 0.366793
0.935236 0.367032
0.944113 0.367241
0.95307 0.36742
0.962111 0.367567
0.971235 0.367682
0.980446 0.367766
0.989745 0.367817
0.999134 0.367836
1.00861 0.367823
1.01819 0.367776
1.02786 0.367696
1.03763 0.367582
1.04749 0.367434
1.05746 0.367251
1.06754 0.367033
1.07772 0.36678
1.08801 0.366491
1.09841 0.366166
1.10893 0.365804
1.11956 0.365405
1.13032 0.364969
1.14119 0.364494
1.1522 0.363981
1.16333 0.363429
1.17459 0.362838
1.18599 0.362206
1.19753 0.361534
1.20921 0.360821
1.22104 0.360066
1.23301 0.359269
1.24515 0.358428
1.25744 0.357544
1.26989 0.356616
1.28251 0.355643
1.29531 0.354624
1.30828 0.353559
1.32144 0.352447
1.33478 0.351286
1.34832 0.350077
1.36205 0.348819
1.376 0.34751
1.39016 0.346149
1.40454 0.344736
1.41914 0.34327
1.43398 0.34175
1.44907 0.340174
1.46441 0.338542
1.48 0.336851
1.49587 0.335102
1.51203 0.333293
1.52847 0.331423
1.54522 0.329489
1.56228 0.327491
1.57967 0.325427
1.5974 0.323295
1.61549 0.321094
1.63396 0.318822
1.65281 0.316477
1.67207 0.314057
1.69175 0.311559
1.71189 0.308982
1.73249 0.306324
1.75358 0.303581
1.7752 0.300751
1.79735 0.29783
1.82009 0.294817
1.84343 0.291708
1.86742 0.288498
1.89209 0.285185
1.91749 0.281765
1.94365 0.278233
1.97063 0.274584
1.99848 0.270815
2.02727 0.266919
2.05704 0.262892
2.08788 0.258728
2.11986 0.254422
2.15306 0.249967
2.18756 0.245357
2.22346 0.240588
2.26085 0.235654
2.29982 0.230551
2.34046 0.225278
2.38287 0.219835
2.4271 0.214225
2.47319 0.208457
2.52114 0.202546
2.5709 0.196514
2.62237 0.19039
2.67537 0.184208
2.72968 0.178008
2.78505 0.171831
2.84122 0.165719
2.89791 0.159705
2.95492 0.153819
3.01205 0.148083
3.06917 0.142509
3.1262 0.137106
3.18309 0.131877
3.23981 0.126821
3.2964 0.121932
3.35286 0.117208
3.40925 0.112639
3.46562 0.108221
3.52202 0.103945
3.57851 0.0998061
3.63516 0.0957966
3.69202 0.0919107
3.74916 0.0881429
3.80665 0.084488
3.86454 0.0809412
3.9229 0.077498
3.9818 0.0741546
4.04129 0.0709071
4.10145 0.0677522
4.16234 0.0646869
4.22403 0.0617082
4.28659 0.0588137
4.35009 0.0560009
4.41463 0.0532676
4.48027 0.0506118
4.5471 0.0480318
4.61522 0.0455257
4.68472 0.0430921
4.75571 0.0407295
4.8283 0.0384365
4.9026 0.0362121
4.97876 0.034055
5.05691 0.0319643
5.1372 0.0299389
5.21982 0.0279779
5.30493 0.0260807
5.39276 0.0242463
5.48352 0.022474
5.57748 0.0207631
5.67492 0.0191129
5.77615 0.0175226
5.88155 0.0159915
5.99152 0.0145187
6.10654 0.0131033
6.22714 0.011744
6.35396 0.0104395
6.48772 0.00918789
6.62928 0.00798674
6.77966 0.00683277
6.94006 0.00572147
7.11192 0.00464649
7.29696 0.00359875
7.49718 0.00256509
7.71482 0.0015263
7.95198 0.000454549
8 0.000239778



0.01 0.0099
0.0154728 0.0152339
0.0207582 0.0203295
0.0258928 0.0252278
0.0309177 0.0299724
0.0358658 0.0345974
0.0407612 0.0391274
0.0456209 0.0435798
0.0504568 0.0479667
0.0552772 0.0522964
0.060088 0.0565748
0.0648933 0.0608061
0.0696961 0.0649933
0.0744984 0.0691387
0.0793019 0.0732437
0.0841076 0.0773098
0.0889167 0.081338
0.0937297 0.085329
0.0985473 0.0892835
0.10337 0.0932021
0.108198 0.0970853
0.113032 0.100934
0.117872 0.104747
0.122719 0.108527
0.127572 0.112273
0.132432 0.115985
0.1373 0.119664
0.142175 0.12331
0.147058 0.126924
0.151948 0.130505
0.156847 0.134054
0.161754 0.137571
0.16667 0.141056
0.171594 0.14451
0.176527 0.147933
0.181469 0.151325
0.186421 0.154686
0.191382 0.158017
0.196352 0.161317
0.201333 0.164587
0.206323 0.167827
0.211324 0.171037
0.216335 0.174217
0.221357 0.177368
0.226389 0.18049
0.231433 0.183583
0.236488 0.186647
0.241554 0.189682
0.246632 0.192688
0.251722 0.195666
0.256824 0.198616
0.261938 0.201538
0.267065 0.204431
0.272204 0.207297
0.277357 0.210136
0.282522 0.212946
0.287701 0.21573
0.292894 0.218486
0.2981 0.221215
0.303321 0.223917
0.308555 0.226592
0.313805 0.22924
0.319069 0.231862
0.324349 0.234457
0.329644 0.237026
0.334954 0.239569
0.340281 0.242086
0.345624 0.244576
0.350983 0.247041
0.356359 0.24948
0.361752 0.251894
0.367162 0.254281
0.37259 0.256644
0.378036 0.258981
0.3835 0.261292
0.388983 0.263579
0.394485 0.26584
0.400006 0.268076
0.405547 0.270288
0.411107 0.272474
0.416688 0.274636
0.422289 0.276773
0.427912 0.278886
0.433555 0.280973
0.43922 0.283037
0.444908 0.285076
0.450618 0.28709
0.456351 0.289081
0.462107 0.291047
0.467886 0.292988
0.47369 0.294906
0.479518 0.2968
0.485371 0.298669
0.49125 0.300515
0.497154 0.302336
0.503084 0.304133
0.509042 0.305907
0.515026 0.307656
0.521038 0.309382
0.527078 0.311084
0.533147 0.312762
0.539245 0.314416
0.545372 0.316046
0.55153 0.317652
0.557718 0.319234
0.563938 0.320793
0.570189 0.322328
0.576473 0.323838
0.582789 0.325325
0.589139 0.326788
0.595523 0.328227
0.601942 0.329642
0.608396 0.331033
0.614886 0.3324
0.621412 0.333742
0.627976 0.335061
0.634577 0.336355
0.641217 0.337625
0.647896 0.338871
0.654615 0.340092
0.661374 0.341289
0.668175 0.342462
0.675017 0.343609
0.681903 0.344732
0.688832 0.345831
0.695805 0.346904
0.702823 0.347952
0.709888 0.348975
0.716998 0.349973
0.724157 0.350946
0.731364 0.351893
0.73862 0.352815
0.745926 0.353711
0.753284 0.354582
0.760693 0.355426
0.768155 0.356244
0.775672 0.357036
0.783243 0.357802
0.79087 0.358541
0.798554 0.359253
0.806295 0.359938
0.814096 0.360596
0.821958 0.361227
0.82988 0.361831
0.837865 0.362407
0.845913 0.362955
0.854027 0.363475
0.862206 0.363967
0.870452 0.36443
0.878768 0.364865
0.887153 0.36527
0.895609 0.365647
0.904138 0.365994
0.912742 0.366311
0.92142 0.366598
0.930176 0.366856
0.939011 0.367082
0.947925 0.367278
0.956922 0.367443
0.966002 0.367577
0.975167 0.367679
0.984419 0.367749
0.993761 0.367786
1.00319 0.367791
1.01272 0.367764
1.02234 0.367703
1.03205 0.367608
1.04187 0.367479
1.05178 0.367316
1.0618 0.367118
1.07193 0.366885
1.08216 0.366616
1.0925 0.366311
1.10296 0.36597
1.11353 0.365592
1.12422 0.365177
1.13503 0.364724
1.14597 0.364233
1.15703 0.363703
1.16822 0.363134
1.17955 0.362525
1.19101 0.361875
1.20262 0.361185
1.21437 0.360453
1.22627 0.35968
1.23832 0.358863
1.25052 0.358003
1.26289 0.3571
1.27542 0.356152
1.28812 0.355158
1.301 0.354119
1.31406 0.353033
1.3273 0.351899
1.34074 0.350717
1.35437 0.349485
1.3682 0.348204
1.38225 0.346872
1.39651 0.345488
1.41099 0.344051
1.42571 0.342561
1.44066 0.341015
1.45586 0.339414
1.47132 0.337756
1.48705 0.336039
1.50305 0.334263
1.51934 0.332425
1.53592 0.330526
1.55281 0.328563
1.57003 0.326535
1.58758 0.32444
1.60548 0.322277
1.62374 0.320044
1.64238 0.317738
1.66143 0.315359
1.68088 0.312904
1.70077 0.31037
1.72112 0.307756
1.74195 0.305059
1.76329 0.302276
1.78515 0.299404
1.80758 0.296442
1.8306 0.293384
1.85424 0.290229
1.87854 0.286972
1.90354 0.28361
1.92929 0.280138
1.95583 0.276552
1.98321 0.272848
2.01149 0.269021
2.04073 0.265065
2.071 0.260975
2.10236 0.256746
2.1349 0.25237
2.1687 0.247844
2.20384 0.243161
2.24043 0.238315
2.27854 0.233303
2.31829 0.22812
2.35975 0.222767
2.40301 0.217244
2.44811 0.211559
2.49508 0.205721
2.54389 0.19975
2.59448 0.193669
2.6467 0.187512
2.70036 0.181314
2.75522 0.175119
2.81102 0.168965
2.86748 0.162893
2.92437 0.156933
2.98148 0.151113
3.03865 0.145449
3.09576 0.139952
3.15275 0.134629
3.20959 0.129479
3.26627 0.1245
3.32282 0.119687
3.37926 0.115035
3.43566 0.110536
3.49206 0.106184
3.54852 0.101972
3.60511 0.0978932
3.66187 0.0939413
3.71888 0.0901104
3.77621 0.0863952
3.8339 0.0827906
3.89203 0.0792921
3.95066 0.0758954
4.00986 0.0725967
4.06968 0.0693924
4.1302 0.0662793
4.19149 0.0632544
4.25361 0.060315
4.31664 0.0574586
4.38065 0.0546829
4.44573 0.0519858
4.51195 0.0493655
4.57942 0.04682
4.64821 0.0443479
4.71844 0.0419475
4.79021 0.0396175
4.86363 0.0373567
4.93884 0.0351639
5.01597 0.0330379
5.09516 0.0309779
5.17658 0.0289828
5.2604 0.0270518
5.34683 0.0251841
5.43608 0.0233789
5.52839 0.0216356
5.62403 0.0199532
5.7233 0.0183313
5.82654 0.0167689
5.93414 0.0152653
6.04654 0.0138195
6.16424 0.0124305
6.28782 0.011097
6.41796 0.00981733
6.55545 0.00858938
6.70122 0.0074103
6.85638 0.00627623
7.02223 0.00518178
7.20036 0.00411931
7.3926 0.00307785
7.60111 0.00204141
7.82809 0.000986686
8 0.000212613



0.1 0.09
0.105327 0.0942375
0.110407 0.0982333
0.115346 0.102077
0.120207 0.10582
0.125026 0.109492
0.129825 0.113111
0.134618 0.116689
0.139413 0.12023
0.144215 0.12374
0.149026 0.127219
0.153849 0.13067
0.158684 0.134093
0.163531 0.137489
0.168391 0.140858
0.173265 0.144199
0.178152 0.147513
0.183052 0.150799
0.187964 0.154059
0.19289 0.157291
0.197829 0.160495
0.202782 0.163673
0.207747 0.166823
0.212725 0.169946
0.217717 0.173041
0.222721 0.17611
0.22774 0.179151
0.232771 0.182165
0.237816 0.185152
0.242874 0.188112
0.247946 0.191045
0.253032 0.193951
0.258132 0.196831
0.263246 0.199683
0.268374 0.202509
0.273517 0.205309
0.278674 0.208082
0.283846 0.210829
0.289033 0.213549
0.294235 0.216243
0.299452 0.218911
0.304685 0.221553
0.309934 0.224169
0.315199 0.22676
0.320479 0.229324
0.325777 0.231863
0.33109 0.234376
0.336421 0.236864
0.341769 0.239326
0.347135 0.241763
0.352518 0.244175
0.357919 0.246562
0.363338 0.248923
0.368776 0.25126
0.374232 0.253571
0.379708 0.255858
0.385203 0.25812
0.390718 0.260357
0.396253 0.26257
0.401808 0.264758
0.407384 0.266921
0.412981 0.26906
0.418599 0.271175
0.424239 0.273266
0.429901 0.275332
0.435586 0.277374
0.441293 0.279391
0.447024 0.281385
0.452778 0.283355
0.458556 0.2853
0.464358 0.287222
0.470186 0.28912
0.476038 0.290993
0.481917 0.292843
0.487821 0.29467
0.493752 0.296472
0.49971 0.29825
0.505695 0.300005
0.511708 0.301736
0.51775 0.303443
0.52382 0.305127
0.52992 0.306786
0.53605 0.308422
0.54221 0.310035
0.548402 0.311623
0.554624 0.313188
0.560879 0.314729
0.567166 0.316247
0.573486 0.31774
0.579841 0.31921
0.586229 0.320656
0.592652 0.322078
0.599111 0.323476
0.605606 0.32485
0.612138 0.3262
0.618707 0.327526
0.625314 0.328828
0.63196 0.330106
0.638646 0.33136
0.645372 0.33259
0.652138 0.333795
0.658946 0.334975
0.665796 0.336131
0.67269 0.337263
0.679627 0.33837
0.686609 0.339452
0.693636 0.340509
0.70071 0.341542
0.70783 0.342549
0.714998 0.343531
0.722216 0.344488
0.729482 0.345419
0.7368 0.346325
0.744168 0.347205
0.751589 0.348059
0.759064 0.348887
0.766593 0.34969
0.774177 0.350465
0.781817 0.351215
0.789515 0.351938
0.797271 0.352634
0.805087 0.353303
0.812963 0.353945
0.820901 0.354559
0.828902 0.355147
0.836967 0.355706
0.845098 0.356238
0.853295 0.356741
0.86156 0.357216
0.869894 0.357662
0.878299 0.35808
0.886776 0.358468
0.895326 0.358828
0.90395 0.359157
0.912651 0.359457
0.92143 0.359727
0.930288 0.359966
0.939227 0.360175
0.948249 0.360353
0.957355 0.3605
0.966547 0.360615
0.975827 0.360698
0.985197 0.36075
0.994658 0.360768
1.00421 0.360754
1.01386 0.360707
1.02361 0.360626
1.03346 0.360511
1.04341 0.360362
1.05346 0.360179
1.06363 0.35996
1.0739 0.359706
1.08428 0.359416
1.09477 0.35909
1.10539 0.358726
1.11612 0.358326
1.12698 0.357888
1.13796 0.357412
1.14907 0.356897
1.16031 0.356343
1.17169 0.35575
1.18321 0.355116
1.19487 0.354441
1.20667 0.353725
1.21863 0.352967
1.23074 0.352167
1.24301 0.351323
1.25544 0.350435
1.26804 0.349503
1.28081 0.348526
1.29376 0.347502
1.30689 0.346432
1.32021 0.345315
1.33372 0.344149
1.34744 0.342934
1.36136 0.341669
1.37549 0.340353
1.38985 0.338986
1.40443 0.337565
1.41924 0.336091
1.4343 0.334562
1.44962 0.332977
1.46519 0.331335
1.48103 0.329634
1.49716 0.327874
1.51357 0.326053
1.53029 0.32417
1.54733 0.322222
1.56469 0.32021
1.58239 0.318131
1.60045 0.315983
1.61889 0.313764
1.63771 0.311474
1.65693 0.309109
1.67659 0.306668
1.69669 0.304148
1.71726 0.301547
1.73832 0.298863
1.75989 0.296092
1.78202 0.293233
1.80471 0.290281
1.82802 0.287235
1.85197 0.284089
1.8766 0.280841
1.90195 0.277487
1.92807 0.274022
1.95501 0.270442
1.98282 0.266743
2.01156 0.262919
2.04129 0.258964
2.07209 0.254874
2.10402 0.250642
2.13718 0.246263
2.17165 0.241731
2.20752 0.23704
2.24488 0.232184
2.28384 0.22716
2.3245 0.221965
2.36693 0.216598
2.41123 0.211063
2.45742 0.205367
2.50552 0.199524
2.55549 0.193554
2.60724 0.187485
2.66059 0.181353
2.71533 0.175196
2.77119 0.169057
2.82791 0.162976
2.88521 0.156992
2.94285 0.151132
3.00064 0.145421
3.05844 0.139873
3.11616 0.134497
3.17373 0.129295
3.23114 0.124267
3.28841 0.119408
3.34557 0.114714
3.40265 0.110178
3.45971 0.105792
3.51681 0.10155
3.57402 0.0974449
3.63138 0.0934701
3.68898 0.0896195
3.74688 0.0858873
3.80513 0.0822684
3.86381 0.0787579
3.92299 0.0753514
3.98272 0.0720447
4.04309 0.0688342
4.10415 0.0657165
4.16598 0.0626884
4.22865 0.0597473
4.29223 0.0568903
4.35681 0.0541153
4.42246 0.0514199
4.48928 0.0488022
4.55735 0.0462604
4.62678 0.0437927
4.69766 0.0413977
4.77011 0.0390738
4.84424 0.0368198
4.92019 0.0346345
4.9981 0.0325168
5.07811 0.0304657
5.16041 0.0284802
5.24516 0.0265593
5.33258 0.0247024
5.42288 0.0229087
5.51633 0.0211773
5.61319 0.0195075
5.71378 0.0178987
5.81846 0.01635
5.92763 0.0148606
6.04175 0.0134297
6.16135 0.012056
6.28703 0.0107383
6.41951 0.00947496
6.55962 0.00826366
6.70835 0.00710148
6.86686 0.00598437
7.03656 0.00490663
7.21911 0.00386012
7.4165 0.00283306
7.63097 0.00180816
7.86484 0.000760092
8 0.000168249



0.25 0.1875
0.255261 0.190112
0.260282 0.192572
0.26517 0.194936
0.269988 0.197237
0.274773 0.199493
0.279548 0.201716
0.284326 0.203912
0.289116 0.206086
0.293923 0.20824
0.298751 0.210375
0.303601 0.212493
0.308475 0.214593
0.313373 0.216675
0.318296 0.21874
0.323245 0.220788
0.328219 0.222819
0.333218 0.224831
0.338244 0.226827
0.343295 0.228804
0.348372 0.230764
0.353475 0.232706
0.358605 0.234629
0.36376 0.236534
0.368943 0.238421
0.374152 0.24029
0.379388 0.24214
0.384651 0.243971
0.389941 0.245784
0.395259 0.247578
0.400604 0.249353
0.405978 0.251109
0.411379 0.252846
0.416809 0.254564
0.422268 0.256262
0.427756 0.257942
0.433273 0.259602
0.43882 0.261242
0.444397 0.262863
0.450004 0.264465
0.455641 0.266046
0.46131 0.267608
0.46701 0.269151
0.472742 0.270673
0.478506 0.272176
0.484303 0.273659
0.490133 0.275121
0.495996 0.276564
0.501893 0.277986
0.507825 0.279388
0.513791 0.28077
0.519793 0.282131
0.525831 0.283472
0.531905 0.284792
0.538016 0.286092
0.544164 0.287371
0.550351 0.288629
0.556576 0.289867
0.562841 0.291083
0.569145 0.292279
0.575489 0.293453
0.581875 0.294606
0.588303 0.295737
0.594772 0.296848
0.601285 0.297936
0.607842 0.299003
0.614443 0.300048
0.621089 0.301072
0.627782 0.302073
0.634521 0.303053
0.641307 0.30401
0.648142 0.304944
0.655026 0.305857
0.661959 0.306746
0.668944 0.307613
0.67598 0.308457
0.683069 0.309278
0.690212 0.310076
0.697408 0.31085
0.704661 0.311601
0.711969 0.312328
0.719335 0.313031
0.726759 0.313711
0.734243 0.314366
0.741788 0.314996
0.749394 0.315602
0.757062 0.316184
0.764795 0.31674
0.772593 0.317271
0.780457 0.317777
0.788389 0.318257
0.79639 0.318711
0.804461 0.31914
0.812604 0.319542
0.82082 0.319917
0.82911 0.320266
0.837476 0.320587
0.845919 0.320882
0.854441 0.321148
0.863044 0.321387
0.871729 0.321598
0.880498 0.321781
0.889352 0.321934
0.898294 0.322059
0.907325 0.322155
0.916447 0.32222
0.925662 0.322256
0.934972 0.322262
0.944379 0.322237
0.953885 0.322181
0.963493 0.322094
0.973205 0.321975
0.983022 0.321824
0.992949 0.32164
1.00299 0.321423
1.01314 0.321174
1.0234 0.32089
1.03379 0.320573
1.0443 0.320221
1.05493 0.319833
1.06569 0.319411
1.07659 0.318952
1.08761 0.318456
1.09878 0.317924
1.11009 0.317354
1.12154 0.316746
1.13314 0.3161
1.1449 0.315414
1.15682 0.314688
1.16889 0.313922
1.18114 0.313114
1.19355 0.312265
1.20614 0.311373
1.21892 0.310439
1.23188 0.30946
1.24504 0.308436
1.25839 0.307367
1.27195 0.306252
1.28573 0.30509
1.29972 0.303879
1.31394 0.30262
1.3284 0.30131
1.3431 0.29995
1.35805 0.298537
1.37326 0.297072
1.38875 0.295552
1.40451 0.293977
1.42057 0.292345
1.43693 0.290655
1.45361 0.288906
1.47062 0.287096
1.48797 0.285223
1.50568 0.283287
1.52376 0.281284
1.54223 0.279214
1.56112 0.277075
1.58043 0.274864
1.60019 0.27258
1.62043 0.27022
1.64116 0.267781
1.66242 0.265262
1.68423 0.262659
1.70663 0.25997
1.72964 0.25719
1.75331 0.254318
1.77767 0.251349
1.80277 0.24828
1.82865 0.245106
1.85538 0.241823
1.883 0.238427
1.91158 0.234911
1.94118 0.231272
1.97189 0.227503
2.00379 0.223598
2.03696 0.219552
2.0715 0.215358
2.10752 0.21101
2.14512 0.206502
2.18442 0.201831
2.22553 0.196991
2.26855 0.191984
2.31357 0.18681
2.36064 0.181479
2.40979 0.176004
2.46096 0.170405
2.51405 0.164714
2.56884 0.158967
2.6251 0.153205
2.68252 0.147472
2.74079 0.141809
2.79961 0.136253
2.85874 0.130831
2.91799 0.125563
2.9772 0.120462
3.03631 0.115532
3.09529 0.110774
3.15412 0.106186
3.21284 0.101761
3.2715 0.0974942
3.33015 0.0933771
3.38887 0.089403
3.44771 0.0855645
3.50676 0.0818549
3.56608 0.0782678
3.62577 0.0747974
3.68588 0.0714382
3.7465 0.0681852
3.8077 0.0650341
3.86957 0.0619806
3.93218 0.0590211
3.99561 0.0561522
4.05995 0.0533709
4.12529 0.0506743
4.19171 0.0480599
4.2593 0.0455255
4.32818 0.0430688
4.39844 0.0406881
4.47021 0.0383815
4.54359 0.0361476
4.61872 0.0339847
4.69575 0.0318918
4.77482 0.0298675
4.85611 0.0279108
4.93979 0.0260207
5.02608 0.0241963
5.11518 0.0224369
5.20736 0.0207416
5.30289 0.0191099
5.40208 0.017541
5.50529 0.0160344
5.61291 0.0145895
5.7254 0.0132056
5.84328 0.0118822
5.96715 0.0106185
6.09773 0.00941356
6.23582 0.00826624
6.38242 0.00717499
6.53868 0.00613769
6.70601 0.00515131
6.8861 0.0042114
7.08102 0.00331139
7.29331 0.00244126
7.52601 0.00158548
7.78255 0.000719745
8 1.47916e-05



0.5 0.25
0.505717 0.249991
0.511176 0.249965
0.516505 0.249924
0.521779 0.249868
0.52704 0.249798
0.532318 0.249713
0.537628 0.249613
0.542983 0.249499
0.548388 0.249368
0.553849 0.249223
0.55937 0.249061
0.564953 0.248884
0.5706 0.248689
0.576313 0.248479
0.582095 0.248251
0.587945 0.248006
0.593867 0.247743
0.599861 0.247463
0.60593 0.247165
0.612074 0.246848
0.618296 0.246512
0.624597 0.246158
0.630978 0.245784
0.637443 0.245391
0.643992 0.244977
0.650627 0.244543
0.657351 0.244089
0.664166 0.243614
0.671073 0.243117
0.678075 0.242598
0.685175 0.242058
0.692374 0.241495
0.699675 0.240908
0.707082 0.240299
0.714596 0.239666
0.72222 0.239008
0.729957 0.238326
0.737812 0.237618
0.745785 0.236885
0.753882 0.236126
0.762105 0.235341
0.770459 0.234528
0.778946 0.233687
0.787572 0.232818
0.79634 0.23192
0.805254 0.230993
0.81432 0.230035
0.823543 0.229047
0.832926 0.228027
0.842477 0.226975
0.8522 0.22589
0.862102 0.224772
0.872189 0.223619
0.882467 0.22243
0.892944 0.221206
0.903628 0.219944
0.914526 0.218644
0.925647 0.217305
0.937 0.215926
0.948595 0.214506
0.960442 0.213043
0.972552 0.211536
0.984936 0.209985
0.997609 0.208387
1.01058 0.206741
1.02387 0.205046
1.03749 0.2033
1.05146 0.201501
1.0658 0.199648
1.08052 0.197737
1.09565 0.195768
1.11121 0.193738
1.12723 0.191644
1.14374 0.189483
1.16076 0.187254
1.17833 0.184952
1.19649 0.182575
1.21528 0.180119
1.23474 0.177579
1.25493 0.174952
1.2759 0.172233
1.2977 0.169417
1.32042 0.166499
1.34412 0.163473
1.3689 0.160334
1.39484 0.157074
1.42204 0.153688
1.45061 0.150169
1.48067 0.146513
1.51232 0.142715
1.54569 0.138773
1.58084 0.134692
1.61784 0.130478
1.65668 0.126147
1.69728 0.121724
1.73948 0.117243
1.78302 0.112743
1.82762 0.108267
1.87295 0.103856
1.91871 0.099543
1.96467 0.0953547
2.01063 0.0913068
2.05649 0.0874077
2.10218 0.0836591
2.1477 0.0800585
2.19305 0.0766006
2.23829 0.0732787
2.28345 0.0700853
2.32862 0.067013
2.37384 0.0640544
2.41919 0.0612028
2.46473 0.0584521
2.51054 0.0557966
2.55667 0.0532312
2.6032 0.0507514
2.65019 0.0483531
2.69771 0.0460325
2.74583 0.0437865
2.79461 0.041612
2.84412 0.0395064
2.89444 0.0374673
2.94564 0.0354927
2.9978 0.0335806
3.051 0.0317292
3.10534 0.0299371
3.1609 0.0282028
3.21778 0.026525
3.2761 0.0249028
3.33597 0.023335
3.39753 0.0218208
3.4609 0.0203594
3.52625 0.0189501
3.59374 0.0175924
3.66357 0.0162857
3.73595 0.0150296
3.8111 0.0138237
3.8893 0.0126679
3.97085 0.0115619
4.05609 0.0105056
4.14542 0.00949897
4.23927 0.008542
4.33819 0.00763479
4.44279 0.0067775
4.55378 0.00597035
4.67203 0.00521361
4.79858 0.00450761
4.93468 0.00385274
5.08187 0.00324941
5.24206 0.00269804
5.41769 0.00219904
5.61187 0.00175276
5.82865 0.00135942
6.07351 0.00101895
6.35389 0.000730811
6.68036 0.000493569
7.06829 0.000304033
7.54093 0.000155194
8 5.14024e-05



