0.1 0.09
0.103483 0.0927762
0.10685 0.0954404
0.110153 0.0980351
0.113423 0.100585
0.116677 0.103106
0.119927 0.105605
0.123179 0.10809
0.126439 0.110562
0.129708 0.113024
0.132988 0.115476
0.13628 0.11792
0.139584 0.120356
0.142901 0.122783
0.146231 0.125202
0.149573 0.127613
0.152929 0.130015
0.156297 0.132409
0.159679 0.134794
0.163073 0.13717
0.16648 0.139538
0.1699 0.141896
0.173332 0.144245
0.176778 0.146585
0.180236 0.148916
0.183707 0.151237
0.187191 0.153549
0.190688 0.155851
0.194197 0.158143
0.19772 0.160425
0.201255 0.162698
0.204804 0.164961
0.208365 0.167213
0.211939 0.169456
0.215527 0.171688
0.219127 0.173911
0.222741 0.176122
0.226368 0.178324
0.230008 0.180515
0.233661 0.182696
0.237328 0.184866
0.241009 0.187025
0.244702 0.189174
0.24841 0.191313
0.252131 0.19344
0.255866 0.195557
0.259615 0.197662
0.263377 0.199757
0.267154 0.201841
0.270944 0.203914
0.274749 0.205976
0.278568 0.208027
0.282402 0.210066
0.28625 0.212095
0.290112 0.214112
0.293989 0.216118
0.297881 0.218113
0.301787 0.220096
0.305709 0.222068
0.309645 0.224028
0.313597 0.225977
0.317564 0.227914
0.321546 0.22984
0.325543 0.231754
0.329557 0.233656
0.333586 0.235546
0.33763 0.237425
0.341691 0.239292
0.345768 0.241147
0.349861 0.24299
0.35397 0.244822
0.358095 0.246641
0.362237 0.248448
0.366396 0.250243
0.370572 0.252026
0.374765 0.253797
0.378974 0.255555
0.383201 0.257302
0.387446 0.259036
0.391707 0.260757
0.395987 0.262466
0.400284 0.264163
0.4046 0.265847
0.408933 0.267519
0.413285 0.269178
0.417655 0.270824
0.422043 0.272458
0.426451 0.274079
0.430877 0.275687
0.435323 0.277282
0.439787 0.278865
0.444272 0.280434
0.448775 0.281991
0.453299 0.283534
0.457842 0.285064
0.462406 0.286582
0.46699 0.288085
0.471595 0.289576
0.47622 0.291054
0.480866 0.292518
0.485533 0.293968
0.490222 0.295406
0.494932 0.296829
0.499663 0.298239
0.504417 0.299636
0.509193 0.301019
0.513991 0.302388
0.518812 0.303743
0.523656 0.305084
0.528522 0.306412
0.533412 0.307725
0.538325 0.309025
0.543263 0.31031
0.548224 0.311581
0.553209 0.312838
0.558219 0.314081
0.563253 0.315309
0.568313 0.316523
0.573398 0.317723
0.578508 0.318907
0.583644 0.320078
0.588806 0.321233
0.593995 0.322374
0.59921 0.3235
0.604452 0.324612
0.609721 0.325708
0.615018 0.326789
0.620343 0.327855
0.625696 0.328906
0.631077 0.329942
0.636487 0.330962
0.641926 0.331967
0.647395 0.332957
0.652893 0.333931
0.658422 0.334889
0.663981 0.335832
0.669571 0.336759
0.675192 0.33767
0.680845 0.338565
0.68653 0.339444
0.692247 0.340307
0.697997 0.341153
0.70378 0.341984
0.709597 0.342798
0.715447 0.343595
0.721332 0.344376
0.727252 0.345141
0.733207 0.345888
0.739198 0.346619
0.745225 0.347333
0.751289 0.348029
0.75739 0.348709
0.763529 0.349371
0.769706 0.350016
0.775921 0.350644
0.782176 0.351253
0.78847 0.351846
0.794805 0.35242
0.80118 0.352977
0.807597 0.353515
0.814056 0.354036
0.820557 0.354538
0.827101 0.355022
0.83369 0.355487
0.840322 0.355934
0.847 0.356362
0.853723 0.356771
0.860493 0.357161
0.86731 0.357532
0.874175 0.357884
0.881088 0.358216
0.888051 0.358529
0.895063 0.358822
0.902126 0.359095
0.909241 0.359348
0.916408 0.359581
0.923629 0.359794
0.930904 0.359987
0.938233 0.360159
0.945619 0.36031
0.953061 0.36044
0.960561 0.360549
0.96812 0.360636
0.975738 0.360703
0.983418 0.360747
0.991159 0.36077
0.998963 0.360771
1.00683 0.36075
1.01476 0.360706
1.02276 0.36064
1.03083 0.36055
1.03897 0.360438
1.04717 0.360303
1.05545 0.360144
1.0638 0.359961
1.07222 0.359755
1.08072 0.359524
1.0893 0.359269
1.09795 0.35899
1.10669 0.358685
1.11551 0.358355
1.12441 0.358
1.13339 0.35762
1.14246 0.357213
1.15162 0.35678
1.16088 0.35632
1.17022 0.355834
1.17966 0.35532
1.1892 0.354779
1.19883 0.35421
1.20857 0.353613
1.21841 0.352987
1.22835 0.352333
1.2384 0.351649
1.24857 0.350936
1.25885 0.350192
1.26924 0.349418
1.27976 0.348613
1.29039 0.347777
1.30116 0.34691
1.31205 0.34601
1.32307 0.345077
1.33423 0.344111
1.34553 0.343111
1.35697 0.342078
1.36856 0.341009
1.3803 0.339905
1.3922 0.338765
1.40426 0.337589
1.41648 0.336375
1.42887 0.335124
1.44144 0.333834
1.45419 0.332504
1.46712 0.331135
1.48025 0.329725
1.49358 0.328273
1.50711 0.326779
1.52086 0.325242
1.53483 0.32366
1.54902 0.322033
1.56345 0.32036
1.57813 0.31864
1.59306 0.316872
1.60826 0.315053
1.62373 0.313184
1.63948 0.311263
1.65553 0.309289
1.67189 0.30726
1.68858 0.305174
1.7056 0.303031
1.72297 0.300828
1.74071 0.298564
1.75883 0.296236
1.77736 0.293844
1.79631 0.291384
1.8157 0.288854
1.83556 0.286253
1.85591 0.283578
1.87678 0.280825
1.89819 0.277993
1.92018 0.275078
1.94277 0.272076
1.96602 0.268986
1.98994 0.265802
2.01459 0.262522
2.04001 0.259141
2.06626 0.255655
2.09337 0.25206
2.12141 0.248351
2.15045 0.244524
2.18053 0.240574
2.21174 0.236496
2.24415 0.232287
2.27781 0.227943
2.31282 0.22346
2.34923 0.218838
2.3871 0.214077
2.42649 0.209179
2.46742 0.204152
2.5099 0.199004
2.5539 0.193751
2.59934 0.188412
2.64613 0.183009
2.69413 0.177571
2.74316 0.172126
2.79305 0.166703
2.8436 0.161328
2.89465 0.156027
2.94605 0.150819
2.99767 0.145718
3.04942 0.140735
3.10124 0.135877
3.1531 0.131146
3.20498 0.126544
3.25689 0.122069
3.30884 0.117719
3.36086 0.113489
3.413 0.109376
3.46528 0.105376
3.51776 0.101485
3.57048 0.0976986
3.62349 0.0940125
3.67684 0.0904232
3.73058 0.0869272
3.78477 0.0835212
3.83945 0.0802021
3.89469 0.0769671
3.95052 0.0738136
4.00702 0.0707393
4.06424 0.0677418
4.12224 0.0648193
4.18108 0.0619699
4.24083 0.0591919
4.30155 0.0564837
4.36332 0.053844
4.42621 0.0512714
4.4903 0.0487647
4.55568 0.046323
4.62243 0.0439451
4.69065 0.0416303
4.76045 0.0393777
4.83194 0.0371865
4.90524 0.0350562
4.98048 0.032986
5.05781 0.0309756
5.13738 0.0290243
5.21937 0.0271318
5.30397 0.0252975
5.39139 0.0235213
5.48186 0.0218025
5.57565 0.020141
5.67305 0.0185364
5.77438 0.0169881
5.88004 0.0154958
5.99044 0.014059
6.10607 0.0126769
6.2275 0.0113485
6.35538 0.0100728
6.49048 0.00884807
6.63369 0.00767201
6.78608 0.00654145
6.94892 0.0054519
7.12372 0.00439689
7.31231 0.00336699
7.51679 0.00234839
7.73948 0.00132067
7.98249 0.00025416
8 0.00017771



0.1 0.09
0.103643 0.0929032
0.107167 0.0956896
0.110624 0.0984033
0.114047 0.10107
0.117453 0.103705
0.120856 0.106317
0.124261 0.108912
0.127673 0.111493
0.131094 0.114063
0.134527 0.116621
0.137972 0.11917
0.141429 0.121708
0.144899 0.124237
0.148382 0.126756
0.151879 0.129265
0.155388 0.131764
0.15891 0.134253
0.162445 0.136732
0.165993 0.139201
0.169554 0.141659
0.173129 0.144106
0.176716 0.146543
0.180315 0.148969
0.183928 0.151384
0.187554 0.153788
0.191193 0.156181
0.194844 0.158563
0.198509 0.160934
0.202187 0.163294
0.205877 0.165642
0.209581 0.167978
0.213298 0.170303
0.217028 0.172617
0.220771 0.174919
0.224527 0.177209
0.228297 0.179488
0.23208 0.181754
0.235877 0.184009
0.239687 0.186252
0.24351 0.188483
0.247348 0.190702
0.251199 0.192909
0.255063 0.195103
0.258942 0.197286
0.262835 0.199456
0.266742 0.201615
0.270662 0.20376
0.274598 0.205894
0.278547 0.208015
0.282511 0.210124
0.286489 0.21222
0.290482 0.214304
0.29449 0.216376
0.298513 0.218435
0.30255 0.220481
0.306603 0.222514
0.310671 0.224535
0.314754 0.226544
0.318852 0.228539
0.322966 0.230522
0.327096 0.232492
0.331241 0.234449
0.335403 0.236393
0.33958 0.238324
0.343774 0.240242
0.347983 0.242147
0.35221 0.24404
0.356452 0.245919
0.360712 0.247785
0.364988 0.249637
0.369281 0.251477
0.373592 0.253303
0.377919 0.255116
0.382265 0.256916
0.386627 0.258703
0.391008 0.260476
0.395406 0.262235
0.399822 0.263981
0.404257 0.265714
0.40871 0.267433
0.413181 0.269139
0.417672 0.27083
0.422181 0.272509
0.426709 0.274173
0.431256 0.275824
0.435823 0.27746
0.44041 0.279084
0.445016 0.280693
0.449643 0.282288
0.454289 0.283869
0.458956 0.285436
0.463644 0.286989
0.468352 0.288528
0.473081 0.290053
0.477832 0.291564
0.482604 0.29306
0.487397 0.294542
0.492213 0.29601
0.497051 0.297463
0.50191 0.298902
0.506793 0.300326
0.511698 0.301736
0.516626 0.303131
0.521578 0.304511
0.526553 0.305877
0.531552 0.307228
0.536574 0.308564
0.541621 0.309885
0.546693 0.311191
0.551789 0.312482
0.556911 0.313758
0.562058 0.315019
0.56723 0.316265
0.572429 0.317495
0.577653 0.31871
0.582904 0.31991
0.588182 0.321094
0.593487 0.322263
0.598819 0.323416
0.60418 0.324554
0.609568 0.325676
0.614984 0.326782
0.62043 0.327872
0.625904 0.328946
0.631408 0.330004
0.636941 0.331047
0.642505 0.332073
0.648099 0.333082
0.653724 0.334076
0.65938 0.335053
0.665067 0.336013
0.670787 0.336957
0.676539 0.337885
0.682324 0.338795
0.688142 0.339689
0.693994 0.340566
0.69988 0.341426
0.7058 0.342269
0.711755 0.343094
0.717746 0.343903
0.723773 0.344694
0.729835 0.345467
0.735935 0.346223
0.742072 0.346961
0.748247 0.347682
0.75446 0.348385
0.760712 0.34907
0.767003 0.349736
0.773335 0.350385
0.779707 0.351015
0.786119 0.351627
0.792574 0.35222
0.79907 0.352795
0.80561 0.35335
0.812193 0.353887
0.81882 0.354405
0.825492 0.354904
0.832209 0.355384
0.838972 0.355844
0.845782 0.356285
0.852639 0.356706
0.859545 0.357107
0.866499 0.357488
0.873503 0.35785
0.880557 0.358191
0.887663 0.358511
0.894821 0.358812
0.902032 0.359091
0.909296 0.35935
0.916615 0.359587
0.923989 0.359804
0.93142 0.359999
0.938908 0.360173
0.946454 0.360325
0.95406 0.360455
0.961726 0.360563
0.969453 0.360649
0.977243 0.360713
0.985096 0.360754
0.993014 0.360772
1.001 0.360767
1.00905 0.360739
1.01717 0.360688
1.02536 0.360613
1.03361 0.360514
1.04195 0.360391
1.05035 0.360244
1.05883 0.360072
1.06739 0.359876
1.07602 0.359654
1.08473 0.359407
1.09353 0.359135
1.1024 0.358837
1.11136 0.358513
1.12041 0.358162
1.12954 0.357785
1.13877 0.357381
1.14808 0.356949
1.15749 0.35649
1.167 0.356003
1.1766 0.355488
1.18631 0.354945
1.19611 0.354372
1.20602 0.353771
1.21604 0.353139
1.22616 0.352478
1.2364 0.351786
1.24675 0.351064
1.25723 0.35031
1.26782 0.349525
1.27853 0.348708
1.28937 0.347858
1.30035 0.346975
1.31145 0.346059
1.3227 0.345108
1.33408 0.344123
1.34561 0.343104
1.35729 0.342048
1.36912 0.340956
1.38111 0.339828
1.39326 0.338662
1.40557 0.337458
1.41806 0.336216
1.43073 0.334933
1.44358 0.333611
1.45662 0.332248
1.46985 0.330843
1.48328 0.329396
1.49692 0.327905
1.51078 0.326371
1.52486 0.32479
1.53917 0.323164
1.55372 0.321491
1.56851 0.319769
1.58356 0.317998
1.59888 0.316176
1.61448 0.314303
1.63036 0.312376
1.64655 0.310395
1.66304 0.308359
1.67987 0.306264
1.69703 0.304111
1.71455 0.301897
1.73243 0.299621
1.75071 0.29728
1.76939 0.294873
1.7885 0.292397
1.80806 0.289851
1.82809 0.287231
1.84862 0.284536
1.86967 0.281763
1.89127 0.278908
1.91345 0.275969
1.93625 0.272943
1.9597 0.269825
1.98384 0.266614
2.00871 0.263303
2.03437 0.259891
2.06085 0.256372
2.08822 0.252741
2.11654 0.248995
2.14585 0.245128
2.17624 0.241136
2.20776 0.237015
2.2405 0.232759
2.27452 0.228365
2.30991 0.223831
2.34672 0.219154
2.38503 0.214335
2.42489 0.209377
2.46631 0.204286
2.50932 0.199073
2.55388 0.193752
2.59991 0.188344
2.64732 0.182873
2.69595 0.177366
2.74562 0.171855
2.79615 0.166368
2.84734 0.160935
2.89902 0.155579
2.95102 0.150321
3.00323 0.145175
3.05556 0.140152
3.10793 0.135258
3.16032 0.130497
3.21272 0.125867
3.26514 0.121368
3.31758 0.116997
3.37009 0.11275
3.4227 0.108623
3.47546 0.104611
3.52841 0.100709
3.58159 0.0969144
3.63507 0.0932219
3.68889 0.0896279
3.7431 0.0861286
3.79776 0.0827207
3.85292 0.0794011
3.90864 0.0761668
3.96497 0.0730152
4.02197 0.0699437
4.0797 0.0669502
4.13822 0.0640326
4.1976 0.061189
4.25789 0.0584176
4.31918 0.0557168
4.38153 0.0530853
4.44503 0.0505216
4.50974 0.0480245
4.57577 0.045593
4.64319 0.043226
4.71212 0.0409226
4.78266 0.038682
4.85492 0.0365034
4.92904 0.0343861
5.00513 0.0323295
5.08337 0.030333
5.1639 0.0283961
5.24691 0.0265183
5.33259 0.0246992
5.42117 0.0229384
5.51288 0.0212354
5.60801 0.0195899
5.70685 0.0180014
5.80976 0.0164696
5.91712 0.0149938
6.02938 0.0135734
6.14707 0.0122076
6.27076 0.0108954
6.40116 0.00963542
6.53907 0.0084257
6.68544 0.00726367
6.84141 0.00614564
7.00832 0.00506642
7.1878 0.0040185
7.38176 0.00299096
7.59239 0.00196773
7.82199 0.000925196
8 0.000141548



0.1 0.09
0.105327 0.0942375
0.110407 0.0982333
0.115346 0.102077
0.120207 0.10582
0.125026 0.109492
0.129825 0.113111
0.134618 0.116689
0.139413 0.12023
0.144215 0.12374
0.149026 0.127219
0.153849 0.13067
0.158684 0.134093
0.163531 0.137489
0.168391 0.140858
0.173265 0.144199
0.178152 0.147513
0.183052 0.150799
0.187964 0.154059
0.19289 0.157291
0.197829 0.160495
0.202782 0.163673
0.207747 0.166823
0.212725 0.169946
0.217717 0.173041
0.222721 0.17611
0.22774 0.179151
0.232771 0.182165
0.237816 0.185152
0.242874 0.188112
0.247946 0.191045
0.253032 0.193951
0.258132 0.196831
0.263246 0.199683
0.268374 0.202509
0.273517 0.205309
0.278674 0.208082
0.283846 0.210829
0.289033 0.213549
0.294235 0.216243
0.299452 0.218911
0.304685 0.221553
0.309934 0.224169
0.315199 0.22676
0.320479 0.229324
0.325777 0.231863
0.33109 0.234376
0.336421 0.236864
0.341769 0.239326
0.347135 0.241763
0.352518 0.244175
0.357919 0.246562
0.363338 0.248923
0.368776 0.25126
0.374232 0.253571
0.379708 0.255858
0.385203 0.25812
0.390718 0.260357
0.396253 0.26257
0.401808 0.264758
0.407384 0.266921
0.412981 0.26906
0.418599 0.271175
0.424239 0.273266
0.429901 0.275332
0.435586 0.277374
0.441293 0.279391
0.447024 0.281385
0.452778 0.283355
0.458556 0.2853
0.464358 0.287222
0.470186 0.28912
0.476038 0.290993
0.481917 0.292843
0.487821 0.29467
0.493752 0.296472
0.49971 0.29825
0.505695 0.300005
0.511708 0.301736
0.51775 0.303443
0.52382 0.305127
0.52992 0.306786
0.53605 0.308422
0.54221 0.310035
0.548402 0.311623
0.554624 0.313188
0.560879 0.314729
0.567166 0.316247
0.573486 0.31774
0.579841 0.31921
0.586229 0.320656
0.592652 0.322078
0.599111 0.323476
0.605606 0.32485
0.612138 0.3262
0.618707 0.327526
0.625314 0.328828
0.63196 0.330106
0.638646 0.33136
0.645372 0.33259
0.652138 0.333795
0.658946 0.334975
0.665796 0.336131
0.67269 0.337263
0.679627 0.33837
0.686609 0.339452
0.693636 0.340509
0.70071 0.341542
0.70783 0.342549
0.714998 0.343531
0.722216 0.344488
0.729482 0.345419
0.7368 0.346325
0.744168 0.347205
0.751589 0.348059
0.759064 0.348887
0.766593 0.34969
0.774177 0.350465
0.781817 0.351215
0.789515 0.351938
0.797271 0.352634
0.805087 0.353303
0.812963 0.353945
0.820901 0.354559
0.828902 0.355147
0.836967 0.355706
0.845098 0.356238
0.853295 0.356741
0.86156 0.357216
0.869894 0.357662
0.878299 0.35808
0.886776 0.358468
0.895326 0.358828
0.90395 0.359157
0.912651 0.359457
0.92143 0.359727
0.930288 0.359966
0.939227 0.360175
0.948249 0.360353
0.957355 0.3605
0.966547 0.360615
0.975827 0.360698
0.985197 0.36075
0.994658 0.360768
1.00421 0.360754
1.01386 0.360707
1.02361 0.360626
1.03346 0.360511
1.04341 0.360362
1.05346 0.360179
1.06363 0.35996
1.0739 0.359706
1.08428 0.359416
1.09477 0.35909
1.10539 0.358726
1.11612 0.358326
1.12698 0.357888
1.13796 0.357412
1.14907 0.356897
1.16031 0.356343
1.17169 0.35575
1.18321 0.355116
1.19487 0.354441
1.20667 0.353725
1.21863 0.352967
1.23074 0.352167
1.24301 0.351323
1.25544 0.350435
1.26804 0.349503
1.28081 0.348526
1.29376 0.347502
1.30689 0.346432
1.32021 0.345315
1.33372 0.344149
1.34744 0.342934
1.36136 0.341669
1.37549 0.340353
1.38985 0.338986
1.40443 0.337565
1.41924 0.336091
1.4343 0.334562
1.44962 0.332977
1.46519 0.331335
1.48103 0.329634
1.49716 0.327874
1.51357 0.326053
1.53029 0.32417
1.54733 0.322222
1.56469 0.32021
1.58239 0.318131
1.60045 0.315983
1.61889 0.313764
1.63771 0.311474
1.65693 0.309109
1.67659 0.306668
1.69669 0.304148
1.71726 0.301547
1.73832 0.298863
1.75989 0.296092
1.78202 0.293233
1.80471 0.290281
1.82802 0.287235
1.85197 0.284089
1.8766 0.280841
1.90195 0.277487
1.92807 0.274022
1.95501 0.270442
1.98282 0.266743
2.01156 0.262919
2.04129 0.258964
2.07209 0.254874
2.10402 0.250642
2.13718 0.246263
2.17165 0.241731
2.20752 0.23704
2.24488 0.232184
2.28384 0.22716
2.3245 0.221965
2.36693 0.216598
2.41123 0.211063
2.45742 0.205367
2.50552 0.199524
2.55549 0.193554
2.60724 0.187485
2.66059 0.181353
2.71533 0.175196
2.77119 0.169057
2.82791 0.162976
2.88521 0.156992
2.94285 0.151132
3.00064 0.145421
3.05844 0.139873
3.11616 0.134497
3.17373 0.129295
3.23114 0.124267
3.28841 0.119408
3.34557 0.114714
3.40265 0.110178
3.45971 0.105792
3.51681 0.10155
3.57402 0.0974449
3.63138 0.0934701
3.68898 0.0896195
3.74688 0.0858873
3.80513 0.0822684
3.86381 0.0787579
3.92299 0.0753514
3.98272 0.0720447
4.04309 0.0688342
4.10415 0.0657165
4.16598 0.0626884
4.22865 0.0597473
4.29223 0.0568903
4.35681 0.0541153
4.42246 0.0514199
4.48928 0.0488022
4.55735 0.0462604
4.62678 0.0437927
4.69766 0.0413977
4.77011 0.0390738
4.84424 0.0368198
4.92019 0.0346345
4.9981 0.0325168
5.07811 0.0304657
5.16041 0.0284802
5.24516 0.0265593
5.33258 0.0247024
5.42288 0.0229087
5.51633 0.0211773
5.61319 0.0195075
5.71378 0.0178987
5.81846 0.01635
5.92763 0.0148606
6.04175 0.0134297
6.16135 0.012056
6.28703 0.0107383
6.41951 0.00947496
6.55962 0.00826366
6.70835 0.00710148
6.86686 0.00598437
7.03656 0.00490663
7.21911 0.00386012
7.4165 0.00283306
7.63097 0.00180816
7.86484 0.000760092
8 0.000168249



0.1 0.09
0.115714 0.10236
0.130666 0.113739
0.145168 0.124427
0.159395 0.134588
0.173449 0.144317
0.187391 0.153671
0.201258 0.162688
0.21507 0.171393
0.228843 0.179802
0.242586 0.18793
0.256305 0.195787
0.270006 0.203384
0.283692 0.210728
0.297367 0.217829
0.311036 0.224693
0.324702 0.231328
0.33837 0.237741
0.352044 0.243939
0.365728 0.249927
0.379427 0.255713
0.393146 0.261303
0.406891 0.266701
0.420666 0.271913
0.434478 0.276945
0.448332 0.281802
0.462235 0.286487
0.476193 0.291006
0.490212 0.295362
0.504301 0.29956
0.518465 0.303603
0.532712 0.307494
0.54705 0.311237
0.561487 0.314834
0.57603 0.318288
0.590689 0.321601
0.605472 0.324776
0.620388 0.327813
0.635445 0.330716
0.650654 0.333484
0.666024 0.336119
0.681565 0.338622
0.697287 0.340994
0.713201 0.343235
0.729318 0.345344
0.745649 0.347323
0.762205 0.34917
0.778998 0.350885
0.796042 0.352468
0.813347 0.353917
0.830928 0.355231
0.848797 0.356408
0.86697 0.357448
0.885459 0.358348
0.904282 0.359106
0.923452 0.359721
0.942987 0.360189
0.962904 0.360508
0.98322 0.360675
1.00395 0.360687
1.02513 0.360542
1.04676 0.360236
1.06887 0.359764
1.09148 0.359125
1.11462 0.358312
1.13831 0.357324
1.16258 0.356154
1.18747 0.354799
1.21299 0.353254
1.23918 0.351513
1.26608 0.349573
1.29373 0.347427
1.32217 0.345069
1.35144 0.342494
1.3816 0.339696
1.41268 0.336667
1.44476 0.333401
1.4779 0.32989
1.51216 0.326127
1.54763 0.322103
1.58439 0.31781
1.62253 0.313237
1.66216 0.308375
1.70341 0.303213
1.7464 0.297739
1.7913 0.291939
1.83828 0.285799
1.88754 0.279305
1.93931 0.272439
1.99385 0.265184
2.05148 0.257519
2.11254 0.249424
2.17744 0.24088
2.2466 0.23187
2.3205 0.222382
2.39957 0.212422
2.48414 0.20202
2.57427 0.19125
2.66958 0.180246
2.76911 0.1692
2.87143 0.158338
2.97491 0.147869
3.07813 0.137951
3.18007 0.128668
3.28014 0.120042
3.37814 0.112054
3.4741 0.10466
3.56823 0.0978091
3.66078 0.0914476
3.75203 0.0855257
3.84227 0.0799989
3.93177 0.0748279
4.02079 0.069979
4.10957 0.0654227
4.19833 0.0611339
4.28727 0.0570906
4.3766 0.0532739
4.4665 0.0496669
4.55717 0.0462552
4.6488 0.0430256
4.74156 0.0399666
4.83566 0.0370678
4.93129 0.0343199
5.02868 0.0317145
5.12804 0.0292438
5.22961 0.026901
5.33367 0.0246794
5.44049 0.0225733
5.5504 0.0205771
5.66375 0.0186857
5.78093 0.0168941
5.90239 0.0151977
6.02865 0.0135921
6.16028 0.0120726
6.29797 0.0106349
6.4425 0.0092741
6.5948 0.00798493
6.75597 0.0067614
6.92731 0.00559626
7.1104 0.00448032
7.30714 0.00340141
7.51972 0.00234271
7.75063 0.00128036
8 0.000189392



0.1 0.09
0.16614 0.139173
0.22964 0.180016
0.290901 0.214098
0.350376 0.242662
0.408539 0.266685
0.465864 0.286922
0.522832 0.303959
0.57993 0.318241
0.637659 0.330102
0.696536 0.339782
0.757094 0.347445
0.819885 0.353187
0.885487 0.357052
0.95451 0.359039
1.0276 0.35911
1.10548 0.357199
1.18893 0.353218
1.27885 0.347066
1.37629 0.338632
1.48249 0.327801
1.599 0.314461
1.72775 0.298506
1.87131 0.279836
2.03311 0.258366
2.21796 0.234034
2.43254 0.20685
2.68514 0.177118
2.97946 0.14623
3.30025 0.117419
3.62113 0.0934341
3.90705 0.0757182
4.18247 0.0615204
4.44584 0.0502238
4.6985 0.0411879
4.94268 0.0338889
5.18071 0.0279302
5.41473 0.0230171
5.64668 0.0189302
5.87836 0.015503
6.11147 0.012607
6.34774 0.0101403
6.58898 0.0080199
6.83726 0.00617526
7.09494 0.00454358
7.36491 0.00306453
7.65066 0.00167416
7.95637 0.000296412
8 0.000101257



0.1 0.09
0.225 0.176648
0.390849 0.257396
0.582634 0.313934
0.793475 0.343543
1.0285 0.349371
1.30044 0.333834
1.62701 0.298437
2.03299 0.245569
2.55912 0.180075
3.28726 0.110421
4.24192 0.0566724
5.0924 0.0303742
5.85138 0.0167214
6.58574 0.00878856
7.29467 0.0038134
7.9907 4.35594e-05
8 -8.22105e-06



