-3 -0.999977894851102
-2.875 -0.999952120464865
-2.75 -0.999899338666567
-2.625 -0.999794564994445
-2.5 -0.999592964536606
-2.375 -0.999216952820867
-2.25 -0.99853715334125
-2.125 -0.99734583210427
-2 -0.995322139581219
-1.875 -0.99198997276661
-1.75 -0.986671652155294
-1.625 -0.978443791119842
-1.5 -0.966105266402972
-1.375 -0.948170209967293
-1.25 -0.922900219942947
-1.125 -0.888388226979099
-1 -0.84270068974759
-0.875 -0.784074925009414
-0.75 -0.711155569636656
-0.625 -0.623240952417462
-0.5 -0.520500016304747
-0.375 -0.40411694412452
-0.25 -0.276326261353527
-0.125 -0.140316192477912
0 9.99999971718069E-10
0.125 0.140316192477912
0.25 0.276326261353527
0.375 0.40411694412452
0.5 0.520500016304747
0.625 0.623240952417462
0.75 0.711155569636656
0.875 0.784074925009414
1 0.84270068974759
1.125 0.888388226979099
1.25 0.922900219942947
1.375 0.948170209967293
1.5 0.966105266402972
1.625 0.978443791119842
1.75 0.986671652155294
1.875 0.99198997276661
2 0.995322139581219
2.125 0.99734583210427
2.25 0.99853715334125
2.375 0.999216952820867
2.5 0.999592964536606
2.625 0.999794564994445
2.75 0.999899338666567
2.875 0.999952120464865


-4.96875 1.39968446629481
-4.84375 0.350403087951604
-4.71875 0.256351469846144
-4.59375 0.247515079191158
-4.46875 0.283399043553494
-4.34375 0.379303270014039
-4.21875 0.622896872130761
-4.09375 1.60138064077032
-3.96875 -5.55499772560754
-3.84375 -1.34686186931398
-3.71875 -0.953307028490347
-3.59375 -0.889507315843226
-3.46875 -0.983040432326183
-3.34375 -1.26829530910944
-3.21875 -2.00494930717088
-3.09375 -4.9542713573832
-2.96875 16.4913994978974
-2.84375 3.83013844086163
-2.71875 2.59180348370813
-2.59375 2.30715960046837
-2.46875 2.42688106730526
-2.34375 2.97256713072526
-2.21875 4.4484812752854
-2.09375 10.3730056545211
-1.96875 -32.4674427614854
-1.84375 -7.06181775033863
-1.71875 -4.45466223762335
-1.59375 -3.67703561324646
-1.46875 -3.56448156760461
-1.34375 -3.99438708191207
-1.21875 -5.42158655425408
-1.09375 -11.3454749346324
-0.96875 31.4528351808321
-0.84375 5.95840872788513
-0.71875 3.20178848383721
-0.59375 2.18323989573259
-0.46875 1.67085073509522
-0.34375 1.37307055963951
-0.21875 1.18597205894704
-0.09375 1.06363827530952
0.03125 0.982901099401004
0.15625 0.931001363732052
0.28125 0.900503011079215
0.40625 0.886941207641363
0.53125 0.887639453019336
0.65625 0.901077554763427
0.78125 0.926540671052376
0.90625 0.963922186999257
1.03125 1.01361675875729
1.15625 1.07647032681519
1.28125 1.15376948294524
1.40625 1.24726107324567
1.53125 1.35919791243586
1.65625 1.49240970007693
1.78125 1.65040057031205
1.90625 1.83747666896733
2.03125 2.05890904122574
2.15625 2.32113914219524
2.28125 2.63203663296884
2.40625 3.00122195749739
2.53125 3.44046971585327
2.65625 3.96421326582934
2.78125 4.59017658618037
2.90625 5.34016656918631
3.03125 6.24106803121551
3.15625 7.32609541755374
3.28125 8.636370201929
3.40625 10.2229122927255
3.53125 12.1491586841069
3.65625 14.4941547531885
3.78125 17.3566052164945
3.90625 20.860025660884
4.03125 25.1593055008375
4.15625 30.4490840792077
4.28125 36.9744599270085
4.40625 45.0447072898216
4.53125 55.0508752873592
4.65625 67.488408069534
4.78125 82.9862686913645
4.90625 102.344500898712
5.03125 126.582755801089
5.15625 157.003089783415


0 1
1 1
2 2
3 6
4 24


-0.1 NaN
0.025 0.352493470535421
0.15 0.628644442112189
0.275 0.700070519188562
0.4 0.736590534374494
0.525 0.766035007494718
0.65 0.797349784306095
0.775 0.834394401381304
0.9 0.879355357089926
1.025 0.9338819574798
1.15 0.999545841284989
1.275 1.07806525089064
1.4 1.17144236809191
1.525 1.2820716082078
1.65 1.41284500030248
1.775 1.56726881368365
1.9 1.74960117159904
2.025 1.96501922131856
2.15 2.21982489106505
2.275 2.52169975127784
2.4 2.88002182294609
2.525 3.30626035297719
2.65 3.81446873896796
2.775 4.42190115987157
2.9 5.14978537463428
3.025 6.02429301559433
3.15 7.07776008915781
3.275 8.3502250367527
3.4 9.89137056112219
3.525 11.7629797346023
3.65 14.0420483063377
3.775 16.8247357439244
3.9 20.231390168835
4.025 24.4129506269532
4.15 29.5591188695213
4.275 35.9088083059476
4.4 43.7635283193484
4.525 53.5045586344715
4.65 65.6150253137888
4.775 80.7083262827006
4.9 99.5647952570914
5.025 123.179071964473
5.15 152.821407922268


0.1 2.25271264138442
0.225 1.39944703801219
0.35 0.934581218103001
0.475 0.623040286731552
0.6 0.39823385013965
0.725 0.231235942593136
0.85 0.10659510950168
0.975 0.0149507954430194
1.1 -0.0498724516096251
1.225 -0.0922078387655307
1.35 -0.115240906395676
1.475 -0.121400188215944
1.6 -0.112591773626341
1.725 -0.0903476815343266
1.85 -0.0559238199960952
1.975 -0.0103670125412705
2.1 0.0454377281946998
2.225 0.11073300523116
2.35 0.184863686054662
2.475 0.267257801575839
2.6 0.357411855619395
2.725 0.454879368948996
2.85 0.559261819094138
2.975 0.670201385811815
3.1 0.787375072924077
3.225 0.910489920849363
3.35 1.03927901421073
3.475 1.17349819759649
3.6 1.31292330064683
3.725 1.4573477970642
3.85 1.6065808133747
3.975 1.76044542480941
4.1 1.91877718441518
4.225 2.0814228710971
4.35 2.2482393600477
4.475 2.41909267661325
4.6 2.5938571461089
4.725 2.77241464889573
4.85 2.95465396167439
4.975 3.1404701729157
5.1 3.32976415812544
5.225 3.52244213190624
5.35 3.7184152051483
5.475 3.91759902834007
5.6 4.11991344960394
5.725 4.32528220984143
5.85 4.53363266662378
5.975 4.74489554352626
6.1 4.95900469785572
6.225 5.17589692975711
6.35 5.39551176605621
6.475 5.61779130404263
6.6 5.84268004734505
6.725 6.07012475928174
6.85 6.30007432786755
6.975 6.53247964134383
7.1 6.76729346903499
7.225 7.00447037210788
7.35 7.24396657896081
7.475 7.48573991162823
7.6 7.72974969637743
7.725 7.97595668476964
7.85 8.22432298014168
7.975 8.47481196905126
8.1 8.72738825308226
8.225 8.98201760610638
8.35 9.23866689218556
8.475 9.49730403090498
8.6 9.75789794366971
8.725 10.0204185075534
8.85 10.284836511936
8.975 10.5511236177222
9.1 10.8192523147606
9.225 11.0891959027578
9.35 11.3609284310483
9.475 11.6344246841715
9.6 11.9096601469292
9.725 12.1866109756419
9.85 12.4652539709558
9.975 12.7455665520965


