R = 7.5
α = -0.13403
R = -2.51706
α = 0.348633
R = -2.43119
α = 0.297021
R = -2.41097
α = 0.205371
R = -2.32821
α = 0.223682
R = -2.37748
α = 0.186682
R = -2.33784
α = 0.228674
R = -2.37761
α = 0.186768
R = -2.33773
α = 0.228625
R = -2.37758
α = 0.186731
R = -2.3378
α = 0.228674
R = -2.37757
α = 0.186731
R = -2.33779
α = 0.228662
R = -2.37758
α = 0.186731
R = -2.3378
α = 0.228674
R = -2.37757
α = 0.186731
R = -2.33779
α = 0.228662
R = -2.37758
α = 0.186731
R = -2.3378
α = 0.228674
R = -2.37756
α = 0.186731
R = -2.33779
α = 0.228662
R = -2.37758
α = 0.186731
R = -2.3378
α = 0.228674
R = -2.37756
α = 0.186731
R = -2.33779
α = 0.228662
R = -2.37757
α = 0.186731
R = -2.3378
α = 0.228674
R = -2.37756
α = 0.186731
R = -2.33779
α = 0.228662
R = -2.37757
α = 0.186731


-2 1.51462 1.99566 0.186731
-1.99 1.51776 2.00281 0.186731
-1.98 1.52092 2.01005 0.186731
-1.97 1.5241 2.01737 0.186731
-1.96 1.52731 2.02477 0.186731
-1.95 1.53054 2.03226 0.186731
-1.94 1.5338 2.03984 0.186731
-1.93 1.53709 2.04751 0.186731
-1.92 1.5404 2.05527 0.186731
-1.91 1.54374 2.06312 0.186731
-1.9 1.54711 2.07107 0.186731
-1.89 1.5505 2.07911 0.186731
-1.88 1.55392 2.08725 0.186731
-1.87 1.55736 2.0955 0.186731
-1.86 1.56084 2.10384 0.186731
-1.85 1.56434 2.11228 0.186731
-1.84 1.56787 2.12084 0.186731
-1.83 1.57143 2.12949 0.186731
-1.82 1.57502 2.13826 0.186731
-1.81 1.57864 2.14714 0.186731
-1.8 1.58229 2.15613 0.186731
-1.79 1.58597 2.16524 0.186731
-1.78 1.58968 2.17446 0.186731
-1.77 1.59342 2.18381 0.186731
-1.76 1.59719 2.19327 0.186731
-1.75 1.60099 2.20286 0.186731
-1.74 1.60482 2.21258 0.186731
-1.73 1.60868 2.22243 0.186731
-1.72 1.61258 2.23241 0.186731
-1.71 1.61651 2.24252 0.186731
-1.7 1.62047 2.25277 0.186731
-1.69 1.62447 2.26316 0.186731
-1.68 1.6285 2.2737 0.186731
-1.67 1.63256 2.28438 0.186731
-1.66 1.63665 2.29521 0.186731
-1.65 1.64079 2.30619 0.186731
-1.64 1.64495 2.31732 0.186731
-1.63 1.64915 2.32861 0.186731
-1.62 1.65339 2.34007 0.186731
-1.61 1.65766 2.35168 0.186731
-1.6 1.66197 2.36347 0.186731
-1.59 1.66632 2.37543 0.186731
-1.58 1.6707 2.38756 0.186731
-1.57 1.67512 2.39987 0.186731
-1.56 1.67957 2.41237 0.186731
-1.55 1.68407 2.42505 0.186731
-1.54 1.6886 2.43793 0.186731
-1.53 1.69317 2.451 0.186731
-1.52 1.69778 2.46427 0.186731
-1.51 1.70243 2.47774 0.186731
-1.5 1.70712 2.49142 0.186731
-1.49 1.71185 2.50532 0.186731
-1.48 1.71662 2.51943 0.186731
-1.47 1.72143 2.53377 0.186731
-1.46 1.72628 2.54834 0.186731
-1.45 1.73117 2.56314 0.186731
-1.44 1.73611 2.57818 0.186731
-1.43 1.74108 2.59346 0.186731
-1.42 1.7461 2.609 0.186731
-1.41 1.75116 2.62479 0.186731
-1.4 1.75626 2.64085 0.186731
-1.39 1.76141 2.65718 0.186731
-1.38 1.76659 2.67378 0.186731
-1.37 1.77183 2.69066 0.186731
-1.36 1.7771 2.70784 0.186731
-1.35 1.78242 2.72531 0.186731
-1.34 1.78778 2.74308 0.186731
-1.33 1.79319 2.76117 0.186731
-1.32 1.79864 2.77958 0.186731
-1.31 1.80413 2.79832 0.186731
-1.3 1.80967 2.81739 0.186731
-1.29 1.81526 2.83681 0.186731
-1.28 1.82089 2.85658 0.186731
-1.27 1.82656 2.87672 0.186731
-1.26 1.83228 2.89723 0.186731
-1.25 1.83804 2.91813 0.186731
-1.24 1.84385 2.93942 0.186731
-1.23 1.8497 2.96111 0.186731
-1.22 1.8556 2.98322 0.186731
-1.21 1.86154 3.00575 0.186731
-1.2 1.86753 3.02873 0.186731
-1.19 1.87356 3.05215 0.186731
-1.18 1.87963 3.07604 0.186731
-1.17 1.88574 3.1004 0.186731
-1.16 1.8919 3.12526 0.186731
-1.15 1.8981 3.15061 0.186731
-1.14 1.90434 3.17649 0.186731
-1.13 1.91063 3.2029 0.186731
-1.12 1.91695 3.22986 0.186731
-1.11 1.92331 3.25738 0.186731
-1.1 1.92971 3.28548 0.186731
-1.09 1.93615 3.31418 0.186731
-1.08 1.94263 3.3435 0.186731
-1.07 1.94914 3.37346 0.186731
-1.06 1.95568 3.40406 0.186731
-1.05 1.96226 3.43534 0.186731
-1.04 1.96887 3.46732 0.186731
-1.03 1.9755 3.50001 0.186731
-1.02 1.98217 3.53343 0.186731
-1.01 1.98886 3.56762 0.186731
-1 1.99557 3.60259 0.186731
-0.99 2.0023 3.63837 0.186731
-0.98 2.00905 3.67498 0.186731
-0.97 2.01582 3.71245 0.186731
-0.96 2.0226 3.7508 0.186731
-0.95 2.02938 3.79007 0.186731
-0.94 2.03617 3.83028 0.186731
-0.93 2.04297 3.87147 0.186731
-0.92 2.04976 3.91365 0.186731
-0.91 2.05654 3.95688 0.186731
-0.9 2.06331 4.00117 0.186731
-0.89 2.07006 4.04656 0.186731
-0.88 2.07679 4.09308 0.186731
-0.87 2.08349 4.14078 0.186731
-0.86 2.09015 4.18968 0.186731
-0.85 2.09677 4.23983 0.186731
-0.84 2.10334 4.29126 0.186731
-0.83 2.10985 4.34401 0.186731
-0.82 2.1163 4.39813 0.186731
-0.81 2.12267 4.45365 0.186731
-0.8 2.12895 4.5106 0.186731
-0.79 2.13513 4.56905 0.186731
-0.78 2.1412 4.62901 0.186731
-0.77 2.14716 4.69055 0.186731
-0.76 2.15297 4.75368 0.186731
-0.75 2.15864 4.81846 0.186731
-0.74 2.16414 4.88493 0.186731
-0.73 2.16946 4.95312 0.186731
-0.72 2.17458 5.02306 0.186731
-0.71 2.17948 5.09478 0.186731
-0.7 2.18415 5.16833 0.186731
-0.69 2.18855 5.2437 0.186731
-0.68 2.19267 5.32094 0.186731
-0.67 2.19647 5.40004 0.186731
-0.66 2.19994 5.481 0.186731
-0.65 2.20305 5.56382 0.186731
-0.64 2.20575 5.64848 0.186731
-0.63 2.20803 5.73494 0.186731
-0.62 2.20983 5.82314 0.186731
-0.61 2.21114 5.91302 0.186731
-0.6 2.21189 6.00447 0.186731
-0.59 2.21205 6.09737 0.186731
-0.58 2.21158 6.19156 0.186731
-0.57 2.21041 6.28683 0.186731
-0.56 2.2085 6.38295 0.186731
-0.55 2.20579 6.47962 0.186731
-0.54 2.20222 6.57648 0.186731
-0.53 2.19771 6.67311 0.186731
-0.52 2.1922 6.769 0.186731
-0.51 2.18561 6.86358 0.186731
-0.5 2.17786 6.95614 0.186731
-0.49 2.16886 7.04588 0.186731
-0.48 2.15853 7.13187 0.186731
-0.47 2.14675 7.21306 0.186731
-0.46 2.13343 7.28824 0.186731
-0.45 2.11845 7.35602 0.186731
-0.44 2.1017 7.41488 0.186731
-0.43 2.08304 7.4631 0.186731
-0.42 2.06235 7.49881 0.186731
-0.41 2.03947 7.51995 0.186731
-0.4 2.01428 7.52434 0.186731
-0.39 1.98659 7.50966 0.186731
-0.38 1.95625 7.47353 0.186731
-0.37 1.92309 7.41352 0.186731
-0.36 1.88692 7.32726 0.186731
-0.35 1.84756 7.21255 0.186731
-0.34 1.8048 7.06738 0.186731
-0.33 1.75845 6.89015 0.186731
-0.32 1.70828 6.67972 0.186731
-0.31 1.65411 6.43557 0.186731
-0.3 1.59569 6.1579 0.186731
-0.29 1.53282 5.84772 0.186731
-0.28 1.46529 5.5069 0.186731
-0.27 1.39286 5.13816 0.186731
-0.26 1.31535 4.74506 0.186731
-0.25 1.23254 4.33188 0.186731
-0.24 1.14425 3.90345 0.186731
-0.23 1.05032 3.46504 0.186731
-0.22 0.950588 3.02203 0.186731
-0.21 0.844947 2.5798 0.186731
-0.2 0.733309 2.14348 0.186731
-0.19 0.615626 1.71775 0.186731
-0.18 0.491898 1.30673 0.186731
-0.17 0.362176 0.913892 0.186731
-0.16 0.22657 0.541973 0.186731
-0.15 0.0852534 0.193006 0.186731
-0.14 -0.061531 -0.131666 0.186731
-0.13 -0.213465 -0.431329 0.186731
-0.12 -0.370154 -0.705821 0.186731
-0.11 -0.531121 -0.955443 0.186731
-0.1 -0.695811 -1.18087 0.186731
-0.09 -0.863589 -1.38308 0.186731
-0.08 -1.03374 -1.56326 0.186731
-0.07 -1.2055 -1.72271 0.186731
-0.06 -1.37801 -1.86286 0.186731
-0.05 -1.5504 -1.98515 0.186731
-0.04 -1.72173 -2.09102 0.186731
-0.03 -1.89106 -2.18187 0.186731
-0.02 -2.05743 -2.25907 0.186731
-0.01 -2.21991 -2.3239 0.186731
0 -2.37757 -2.37757 0.186731
0.01 -2.52956 -2.42121 0.186731
0.02 -2.67507 -2.45586 0.186731
0.03 -2.81336 -2.48247 0.186731
0.04 -2.94379 -2.50193 0.186731
0.05 -3.06582 -2.51502 0.186731
0.06 -3.179 -2.52247 0.186731
0.07 -3.283 -2.52493 0.186731
0.08 -3.37759 -2.523 0.186731
0.09 -3.46266 -2.51719 0.186731
0.1 -3.53817 -2.50798 0.186731
0.11 -3.60421 -2.4958 0.186731
0.12 -3.66093 -2.48103 0.186731
0.13 -3.70858 -2.46401 0.186731
0.14 -3.74745 -2.44504 0.186731
0.15 -3.7779 -2.42439 0.186731
0.16 -3.80034 -2.40231 0.186731
0.17 -3.81521 -2.37901 0.186731
0.18 -3.82296 -2.35467 0.186731
0.19 -3.82408 -2.32947 0.186731
0.2 -3.81905 -2.30356 0.186731
0.21 -3.80835 -2.27707 0.186731
0.22 -3.79247 -2.25012 0.186731
0.23 -3.77186 -2.22282 0.186731
0.24 -3.74699 -2.19525 0.186731
0.25 -3.71828 -2.1675 0.186731
0.26 -3.68615 -2.13963 0.186731
0.27 -3.65099 -2.11172 0.186731
0.28 -3.61317 -2.08382 0.186731
0.29 -3.57302 -2.05597 0.186731
0.3 -3.53088 -2.02822 0.186731
0.31 -3.48702 -2.00061 0.186731
0.32 -3.44172 -1.97317 0.186731
0.33 -3.39523 -1.94593 0.186731
0.34 -3.34778 -1.9189 0.186731
0.35 -3.29956 -1.89212 0.186731
0.36 -3.25077 -1.8656 0.186731
0.37 -3.20158 -1.83936 0.186731
0.38 -3.15212 -1.8134 0.186731
0.39 -3.10255 -1.78774 0.186731
0.4 -3.05298 -1.76238 0.186731
0.41 -3.00351 -1.73735 0.186731
0.42 -2.95424 -1.71263 0.186731
0.43 -2.90526 -1.68823 0.186731
0.44 -2.85663 -1.66416 0.186731
0.45 -2.80842 -1.64042 0.186731
0.46 -2.76069 -1.61701 0.186731
0.47 -2.71348 -1.59393 0.186731
0.48 -2.66683 -1.57118 0.186731
0.49 -2.62078 -1.54876 0.186731
0.5 -2.57535 -1.52666 0.186731
0.51 -2.53058 -1.50489 0.186731
0.52 -2.48647 -1.48345 0.186731
0.53 -2.44304 -1.46232 0.186731
0.54 -2.4003 -1.4415 0.186731
0.55 -2.35827 -1.421 0.186731
0.56 -2.31695 -1.40081 0.186731
0.57 -2.27633 -1.38093 0.186731
0.58 -2.23643 -1.36134 0.186731
0.59 -2.19723 -1.34206 0.186731
0.6 -2.15874 -1.32306 0.186731
0.61 -2.12096 -1.30436 0.186731
0.62 -2.08387 -1.28593 0.186731
0.63 -2.04747 -1.26779 0.186731
0.64 -2.01175 -1.24993 0.186731
0.65 -1.9767 -1.23233 0.186731
0.66 -1.94232 -1.215 0.186731
0.67 -1.9086 -1.19793 0.186731
0.68 -1.87552 -1.18112 0.186731
0.69 -1.84307 -1.16456 0.186731
0.7 -1.81124 -1.14825 0.186731
0.71 -1.78003 -1.13218 0.186731
0.72 -1.74941 -1.11635 0.186731
0.73 -1.71939 -1.10076 0.186731
0.74 -1.68994 -1.0854 0.186731
0.75 -1.66105 -1.07026 0.186731
0.76 -1.63273 -1.05535 0.186731
0.77 -1.60494 -1.04066 0.186731
0.78 -1.57768 -1.02618 0.186731
0.79 -1.55095 -1.01191 0.186731
0.8 -1.52472 -0.997844 0.186731
0.81 -1.49899 -0.983984 0.186731
0.82 -1.47374 -0.970323 0.186731
0.83 -1.44898 -0.956857 0.186731
0.84 -1.42467 -0.943583 0.186731
0.85 -1.40082 -0.930496 0.186731
0.86 -1.37742 -0.917594 0.186731
0.87 -1.35445 -0.904873 0.186731
0.88 -1.3319 -0.89233 0.186731
0.89 -1.30977 -0.879961 0.186731
0.9 -1.28804 -0.867764 0.186731
0.91 -1.26671 -0.855734 0.186731
0.92 -1.24577 -0.843869 0.186731
0.93 -1.2252 -0.832166 0.186731
0.94 -1.205 -0.820622 0.186731
0.95 -1.18517 -0.809233 0.186731
0.96 -1.16568 -0.797998 0.186731
0.97 -1.14654 -0.786913 0.186731
0.98 -1.12774 -0.775975 0.186731
0.99 -1.10926 -0.765182 0.186731
1 -1.09111 -0.754531 0.186731
1.01 -1.07327 -0.74402 0.186731
1.02 -1.05573 -0.733645 0.186731
1.03 -1.0385 -0.723406 0.186731
1.04 -1.02156 -0.713298 0.186731
1.05 -1.00491 -0.70332 0.186731
1.06 -0.988531 -0.69347 0.186731
1.07 -0.97243 -0.683744 0.186731
1.08 -0.956597 -0.674142 0.186731
1.09 -0.941025 -0.664661 0.186731
1.1 -0.925709 -0.655298 0.186731
1.11 -0.910643 -0.646052 0.186731
1.12 -0.895822 -0.63692 0.186731
1.13 -0.881239 -0.627901 0.186731
1.14 -0.866891 -0.618992 0.186731
1.15 -0.852771 -0.610192 0.186731
1.16 -0.838875 -0.601499 0.186731
1.17 -0.825198 -0.592911 0.186731
1.18 -0.811736 -0.584426 0.186731
1.19 -0.798482 -0.576042 0.186731
1.2 -0.785435 -0.567759 0.186731
1.21 -0.772587 -0.559573 0.186731
1.22 -0.759937 -0.551483 0.186731
1.23 -0.747478 -0.543489 0.186731
1.24 -0.735209 -0.535587 0.186731
1.25 -0.723123 -0.527777 0.186731
1.26 -0.711218 -0.520057 0.186731
1.27 -0.69949 -0.512426 0.186731
1.28 -0.687935 -0.504882 0.186731
1.29 -0.676549 -0.497424 0.186731
1.3 -0.66533 -0.49005 0.186731
1.31 -0.654273 -0.482759 0.186731
1.32 -0.643376 -0.47555 0.186731
1.33 -0.632635 -0.468421 0.186731
1.34 -0.622048 -0.461371 0.186731
1.35 -0.61161 -0.454399 0.186731
1.36 -0.601319 -0.447504 0.186731
1.37 -0.591173 -0.440683 0.186731
1.38 -0.581168 -0.433937 0.186731
1.39 -0.571301 -0.427264 0.186731
1.4 -0.56157 -0.420663 0.186731
1.41 -0.551972 -0.414133 0.186731
1.42 -0.542506 -0.407672 0.186731
1.43 -0.533167 -0.40128 0.186731
1.44 -0.523954 -0.394955 0.186731
1.45 -0.514864 -0.388697 0.186731
1.46 -0.505895 -0.382504 0.186731
1.47 -0.497044 -0.376376 0.186731
1.48 -0.488311 -0.370312 0.186731
1.49 -0.479691 -0.36431 0.186731
1.5 -0.471184 -0.358369 0.186731
1.51 -0.462786 -0.352489 0.186731
1.52 -0.454497 -0.346669 0.186731
1.53 -0.446314 -0.340908 0.186731
1.54 -0.438235 -0.335205 0.186731
1.55 -0.430258 -0.32956 0.186731
1.56 -0.422382 -0.32397 0.186731
1.57 -0.414604 -0.318437 0.186731
1.58 -0.406923 -0.312958 0.186731
1.59 -0.399337 -0.307533 0.186731
1.6 -0.391845 -0.302161 0.186731
1.61 -0.384444 -0.296841 0.186731
1.62 -0.377134 -0.291574 0.186731
1.63 -0.369912 -0.286357 0.186731
1.64 -0.362777 -0.28119 0.186731
1.65 -0.355728 -0.276073 0.186731
1.66 -0.348763 -0.271005 0.186731
1.67 -0.341881 -0.265985 0.186731
1.68 -0.33508 -0.261013 0.186731
1.69 -0.328359 -0.256087 0.186731
1.7 -0.321716 -0.251208 0.186731
1.71 -0.31515 -0.246374 0.186731
1.72 -0.308661 -0.241585 0.186731
1.73 -0.302246 -0.23684 0.186731
1.74 -0.295904 -0.232139 0.186731
1.75 -0.289635 -0.227482 0.186731
1.76 -0.283437 -0.222866 0.186731
1.77 -0.277309 -0.218293 0.186731
1.78 -0.271249 -0.213761 0.186731
1.79 -0.265257 -0.20927 0.186731
1.8 -0.259331 -0.20482 0.186731
1.81 -0.253471 -0.200409 0.186731
1.82 -0.247676 -0.196038 0.186731
1.83 -0.241944 -0.191705 0.186731
1.84 -0.236274 -0.187411 0.186731
1.85 -0.230666 -0.183154 0.186731
1.86 -0.225118 -0.178935 0.186731
1.87 -0.219629 -0.174752 0.186731
1.88 -0.214199 -0.170606 0.186731
1.89 -0.208827 -0.166496 0.186731
1.9 -0.203512 -0.162421 0.186731
1.91 -0.198253 -0.158381 0.186731
1.92 -0.193048 -0.154376 0.186731
1.93 -0.187898 -0.150404 0.186731
1.94 -0.182802 -0.146467 0.186731
1.95 -0.177758 -0.142562 0.186731
1.96 -0.172765 -0.138691 0.186731
1.97 -0.167824 -0.134852 0.186731
1.98 -0.162933 -0.131045 0.186731
1.99 -0.158092 -0.127269 0.186731


