-0.185962
-0.234616
-0.261268
-0.279736
-0.294101
-0.306041
-0.316388
-0.325605
-0.333973
-0.341675
-0.348833
-0.355536
-0.361845
-0.36781
-0.373468
-0.378846
-0.38397
-0.388856
-0.393523
-0.397983
-0.402247
-0.406327
-0.410231
-0.413968
-0.417544
-0.420967
-0.424243
-0.427379
-0.430379
-0.433249
-0.435995
-0.438621
-0.441132
-0.443532
-0.445826
-0.448018
-0.450112
-0.452112
-0.454022
-0.455846
-0.457587
-0.459248
-0.460833
-0.462345
-0.463787
-0.465162
-0.466474
-0.467724
-0.468916
-0.470051
-0.471133
-0.472165
-0.473147
-0.474082
-0.474974
-0.475822
-0.47663
-0.4774
-0.478132
-0.478829
-0.479493
-0.480125
-0.480726
-0.481298
-0.481842
-0.48236
-0.482853
-0.483322
-0.483768
-0.484193
-0.484596
-0.48498
-0.485345
-0.485693
-0.486023
-0.486337
-0.486636
-0.48692
-0.48719
-0.487447
-0.487691
-0.487923
-0.488144
-0.488354
-0.488554
-0.488744
-0.488924
-0.489096
-0.489259
-0.489414
-0.489561
-0.489701
-0.489834
-0.489961
-0.490082
-0.490196
-0.490305
-0.490408
-0.490506
-0.4906
-0.490689
-0.490773
-0.490853
-0.49093
-0.491002
-0.491071
-0.491137
-0.491199
-0.491258
-0.491314
-0.491368
-0.491419
-0.491467
-0.491513
-0.491557
-0.491598
-0.491637
-0.491675
-0.491711
-0.491744
-0.491777
-0.491807
-0.491836
-0.491864
-0.49189
-0.491915
-0.491939
-0.491961
-0.491983
-0.492003
-0.492023
-0.492041
-0.492059
-0.492075
-0.492091
-0.492106
-0.49212
-0.492134
-0.492147
-0.492159
-0.492171
-0.492182
-0.492192
-0.492202
-0.492212
-0.492221
-0.492229
-0.492238
-0.492245
-0.492253
-0.49226
-0.492266
-0.492273
-0.492279
-0.492284
-0.49229
-0.492295
-0.4923
-0.492305
-0.492309
-0.492313
-0.492317
-0.492321
-0.492325
-0.492328
-0.492331
-0.492335
-0.492338
-0.49234
-0.492343
-0.492346
-0.492348
-0.49235
-0.492352
-0.492354
-0.492356
-0.492358
-0.49236
-0.492362
-0.492363
-0.492365
-0.492366
-0.492368
-0.492369
-0.49237
-0.492371
-0.492373
-0.492374
-0.492375
-0.492376
-0.492377
-0.492377
-0.492378
-0.492379
-0.49238
-0.492381
-0.492381
-0.492382
-0.492382
-0.492383
-0.492384
-0.492384
-0.492385
-0.492385
-0.492386
-0.492386
-0.492386
-0.492387
-0.492387
-0.492388
-0.492388
-0.492388
-0.492388
-0.492389
-0.492389
-0.492389
-0.49239
-0.49239
-0.49239
-0.49239
-0.49239
-0.492391
-0.492391
-0.492391
-0.492391
-0.492391
-0.492391
-0.492392
-0.492392
-0.492392
-0.492392
-0.492392
-0.492392
-0.492392
-0.492392
-0.492392
-0.492393
-0.492393
-0.492393
-0.492393
-0.492393
-0.492393
-0.492393
-0.492393
-0.492393
-0.492393
-0.492393
-0.492393
-0.492393
-0.492393
-0.492393
-0.492393
-0.492393
-0.492394
-0.492394
-0.492394
-0.492394
-0.492394
-0.492394
-0.492394
-0.492394
-0.492394
-0.492394
-0.492394
-0.492394
-0.492394
-0.492394
-0.492394
-0.492394
-0.492394
-0.492394
-0.492394
-0.492394
-0.492394
-0.492394
-0.492394
-0.492394
-0.492394
-0.492394
-0.492394
-0.492394
-0.492394
-0.492394
-0.492394
-0.492394
-0.492394
-0.492394
-0.492394
-0.492394
-0.492394
-0.492394
-0.492394
-0.492394
-0.492394
-0.492394
-0.492394
-0.492394
-0.492394
-0.492394
-0.492394
-0.492394
-0.492394
-0.492394
-0.492394
-0.492394
-0.492394
-0.492394
-0.492394
-0.492394
-0.492394
-0.492394
-0.492394
-0.492394
-0.492394
-0.492394
-0.492394
-0.492394
-0.492394
-0.492394
-0.492394
-0.492394
-0.492394
-0.492394
-0.492394
-0.492394
-0.492394
-0.492394
-0.492394
-0.492394
-0.492394
-0.492394
-0.492394
-0.492394
-0.492394
-0.492394
-0.492394
-0.492394
-0.492394
-0.492394
-0.492394
-0.492394
-0.492394
-0.492394
-0.492394
-0.492394
-0.492394
-0.492394
-0.492394
-0.492394
-0.492394
-0.492394
-0.492394
-0.492394
-0.492394
-0.492394
-0.492394
-0.492394
-0.492394
-0.492394
-0.492394
-0.492394
-0.492394
-0.492394
-0.492394
-0.492394
-0.492394
-0.492394
-0.492394
-0.492394
-0.492394
-0.492394
-0.492394
-0.492394
-0.492394
-0.492394
-0.492394
-0.492394
-0.492394
-0.492394
-0.492394
-0.492394
-0.492394
-0.492394
-0.492394
-0.492394
-0.492394
-0.492394
-0.492394
-0.492394
-0.492394
-0.492394
-0.492394
-0.492394
-0.492394
-0.492394
-0.492394
-0.492394
-0.492394
-0.492394
-0.492394
-0.492394
-0.492394
-0.492394
-0.492394
-0.492394
-0.492394
-0.492394
-0.492394
-0.492394
-0.492394
-0.492394
-0.492394
-0.492394
-0.492394
-0.492394
-0.492394
-0.492394
-0.492394
-0.492394
-0.492394
-0.492394
-0.492394
-0.492394
-0.492394
-0.492394
-0.492394
-0.492394
-0.492394
-0.492394
-0.492394
-0.492394
-0.492394
-0.492394
-0.492394
-0.492394
-0.492394
-0.492394
-0.492394
-0.492394
-0.492394
-0.492394
-0.492394
-0.492394
-0.492394
-0.492394
-0.492394
-0.492394
-0.492394
-0.492394
-0.492394
-0.492394
-0.492394
-0.492394
-0.492394
-0.492394
-0.492394
-0.492394
-0.492394
-0.492394
-0.492394
-0.492394
-0.492394
-0.492394
-0.492394
-0.492394
-0.492394
-0.492394
-0.492394
-0.492394
-0.492394
-0.492394
-0.492394
-0.492394
-0.492394
-0.492394
-0.492394
-0.492394
-0.492394
-0.492394
-0.492394
-0.492394
-0.492394
-0.492394
-0.492394
-0.492394
-0.492394
-0.492394
-0.492394
-0.492394
-0.492394
-0.492394
-0.492394
-0.492394
-0.492394
-0.492394
-0.492394
-0.492394
-0.492394
-0.492394
-0.492394
-0.492394
-0.492394
-0.492394
-0.492394
-0.492394
-0.492394
-0.492394
-0.492394
-0.492394
-0.492394
-0.492394
-0.492394
-0.492394
-0.492394
-0.492394
-0.492394
-0.492394
-0.492394
-0.492394
-0.492394
-0.492394
-0.492394
-0.492394
-0.492394
-0.492394
-0.492394
-0.492394
-0.492394
-0.492394
-0.492394
-0.492394
-0.492394
-0.492394
-0.492394
-0.492394
-0.492394
-0.492394
-0.492394
-0.492394
-0.492394
-0.492394
-0.492394
-0.492394
-0.492394
-0.492394
-0.492394
-0.492394
-0.492394
-0.492394
-0.492394
-0.492394
-0.492394
-0.492394
-0.492394
-0.492394
-0.492394
-0.492394
-0.492394
-0.492394
-0.492394
-0.492394
-0.492394
-0.492394
-0.492394
-0.492394
-0.492394
-0.492394
-0.492394
-0.492394
-0.492394
-0.492394
-0.492394
-0.492394
-0.492394
-0.492394
-0.492394
-0.492394
-0.492394
-0.492394
-0.492394
-0.492394
-0.492394
-0.492394
-0.492394
-0.492394
-0.492394
-0.492394
-0.492394
-0.492394
-0.492394
-0.492394
-0.492394
-0.492394
-0.492394
-0.492394
-0.492394
-0.492394
-0.492394
-0.492394
-0.492394
-0.492394
-0.492394
-0.492394
-0.492394
-0.492394
-0.492394
-0.492394
-0.492394
-0.492394
-0.492394
-0.492394
-0.492394
-0.492394
-0.492394
-0.492394
-0.492394
-0.492394
-0.492394
-0.492394
-0.492394
-0.492394
-0.492394
-0.492394
-0.492394
-0.492394
-0.492394
-0.492394
-0.492394
-0.492394
-0.492394
-0.492394
-0.492394
-0.492394
-0.492394
-0.492394
-0.492394
-0.492394
-0.492394
-0.492394
-0.492394
-0.492394
-0.492394
-0.492394
-0.492394
-0.492394
-0.492394
-0.492394
-0.492394
-0.492394
-0.492394
-0.492394
-0.492394
-0.492394
-0.492394
-0.492394
-0.492394
-0.492394
-0.492394
-0.492394
-0.492394
-0.492394
-0.492394
-0.492394
-0.492394
-0.492394
-0.492394
-0.492394
-0.492394
-0.492394
-0.492394
-0.492394
-0.492394
-0.492394
-0.492394
-0.492394
-0.492394
-0.492394
-0.492394
-0.492394
-0.492394
-0.492394
-0.492394
-0.492394
-0.492394
-0.492394
-0.492394
-0.492394
-0.492394
-0.492394
-0.492394
-0.492394
-0.492394
-0.492394
-0.492394
-0.492394
-0.492394
-0.492394
-0.492394
-0.492394
-0.492394
-0.492394
-0.492394
-0.492394
-0.492394
-0.492394
-0.492394
-0.492394
-0.492394
-0.492394
-0.492394
-0.492394
-0.492394
-0.492394
-0.492394
-0.492394
-0.492394
-0.492394
-0.492394
-0.492394
-0.492394
-0.492394
-0.492394
-0.492394
-0.492394
-0.492394
-0.492394
-0.492394
-0.492394
-0.492394
-0.492394
-0.492394
-0.492394
-0.492394
-0.492394
-0.492394
-0.492394
-0.492394
-0.492394
-0.492394
-0.492394
-0.492394
-0.492394
-0.492394
-0.492394
-0.492394
-0.492394
-0.492394
-0.492394
-0.492394
-0.492394
-0.492394
-0.492394
-0.492394
-0.492394
-0.492394
-0.492394
-0.492394
-0.492394
-0.492394
-0.492394
-0.492394
-0.492394
-0.492394
-0.492394
-0.492394
-0.492394
-0.492394
-0.492394
-0.492394
-0.492394
-0.492394
-0.492394
-0.492394
-0.492394
-0.492394
-0.492394
-0.492394
-0.492394
-0.492394
-0.492394
-0.492394
-0.492394
-0.492394
-0.492394
-0.492394
-0.492394
-0.492394
-0.492394
-0.492394
-0.492394
-0.492394
-0.492394
-0.492394
-0.492394
-0.492394
-0.492394
-0.492394
-0.492394
-0.492394
-0.492394
-0.492394
-0.492394
-0.492394
-0.492394
-0.492394
-0.492394


0.25 0.192302
0.5 0.300289
0.75 0.351687
1 0.366116
1.25 0.357315
1.5 0.334774
1.75 0.304941
2 0.272096
2.25 0.238991
2.5 0.207319
2.75 0.178042
3 0.15163
3.25 0.128233
3.5 0.107796
3.75 0.0901446
4 0.0750365
4.25 0.0622019
4.5 0.0513663
4.75 0.0422655
5 0.0346538
5.25 0.0283087
5.5 0.0230319
5.75 0.0186493
6 0.0150092
6.25 0.0119801
6.5 0.0094488
6.75 0.00731737
7 0.0055008
7.25 0.00392458
7.5 0.00252225
7.75 0.00123312


7.87617
4.9468
3.58884
2.77777
2.25089
1.87952
1.60605
1.39579
1.22978
1.09517
0.984084
0.890725
0.811278
0.742777
0.683159
0.630755
0.584356
0.542953
0.505793
0.472234
0.441781
0.414006
0.388572
0.365182
0.3436
0.323613
0.305051
0.287759
0.271609
0.256486
0.242294
0.228943
0.216361
0.204479
0.193239
0.182586
0.172476
0.162865
0.153717
0.144997
0.136676
0.128724
0.121118
0.113835
0.106855
0.100158
0.0937288
0.0875501
0.0816085
0.0758906
0.0703848
0.0650797
0.0599654
0.0550324
0.0502723
0.0456769
0.0412388
0.0369512
0.0328078
0.0288026
0.02493
0.0211849
0.0175624
0.0140581
0.0106676
0.00738703
0.00421251
0.00114046
-0.00183245
-0.00470948
-0.00749365
-0.0101879
-0.012795
-0.0153177
-0.0177584
-0.0201197
-0.0224039
-0.0246133
-0.02675
-0.0288163
-0.0308142
-0.0327457
-0.0346127
-0.0364171
-0.0381608
-0.0398455
-0.041473
-0.043045
-0.0445631
-0.0460289
-0.0474441
-0.0488101
-0.0501284
-0.0514005
-0.0526279
-0.0538119
-0.0549538
-0.056055
-0.0571168
-0.0581404
-0.0591271
-0.0600781
-0.0609945
-0.0618774
-0.062728
-0.0635473
-0.0643364
-0.0650963
-0.065828
-0.0665324
-0.0672105
-0.0678632
-0.0684913
-0.0690958
-0.0696775
-0.0702371
-0.0707754
-0.0712932
-0.0717913
-0.0722703
-0.0727309
-0.0731738
-0.0735997
-0.0740091
-0.0744027
-0.074781
-0.0751447
-0.0754942
-0.0758301
-0.0761529
-0.076463
-0.0767611
-0.0770474
-0.0773225
-0.0775868
-0.0778407
-0.0780845
-0.0783188
-0.0785438
-0.0787599
-0.0789674
-0.0791667
-0.0793581
-0.0795419
-0.0797183
-0.0798878
-0.0800505
-0.0802067
-0.0803567
-0.0805007
-0.0806389
-0.0807717
-0.0808991
-0.0810214
-0.0811387
-0.0812514
-0.0813596
-0.0814634
-0.0815631
-0.0816587
-0.0817505
-0.0818386
-0.0819232
-0.0820043
-0.0820822
-0.082157
-0.0822287
-0.0822975
-0.0823636
-0.082427
-0.0824878
-0.0825462
-0.0826022
-0.082656
-0.0827076
-0.082757
-0.0828045
-0.0828501
-0.0828938
-0.0829358
-0.082976
-0.0830147
-0.0830517
-0.0830873
-0.0831214
-0.0831541
-0.0831855
-0.0832157
-0.0832446
-0.0832723
-0.0832989
-0.0833245
-0.0833489
-0.0833724
-0.083395
-0.0834166
-0.0834374
-0.0834573
-0.0834764
-0.0834947
-0.0835123
-0.0835292
-0.0835453
-0.0835609
-0.0835758
-0.0835901
-0.0836038
-0.0836169
-0.0836295
-0.0836416
-0.0836532
-0.0836644
-0.0836751
-0.0836853
-0.0836952
-0.0837046
-0.0837136
-0.0837223
-0.0837306
-0.0837386
-0.0837463
-0.0837537
-0.0837607
-0.0837675
-0.083774
-0.0837802
-0.0837862
-0.0837919
-0.0837974
-0.0838027
-0.0838077
-0.0838126
-0.0838172
-0.0838217
-0.083826
-0.0838301
-0.083834
-0.0838378
-0.0838415
-0.0838449
-0.0838483
-0.0838515
-0.0838546
-0.0838575
-0.0838603
-0.083863
-0.0838656
-0.0838681
-0.0838705
-0.0838728
-0.083875
-0.0838772
-0.0838792
-0.0838811
-0.083883
-0.0838848
-0.0838865
-0.0838881
-0.0838897
-0.0838912
-0.0838927
-0.0838941
-0.0838954
-0.0838967
-0.0838979
-0.0838991
-0.0839003
-0.0839013
-0.0839024
-0.0839034
-0.0839043
-0.0839053
-0.0839062
-0.083907
-0.0839078
-0.0839086
-0.0839093
-0.0839101
-0.0839107
-0.0839114
-0.083912
-0.0839126
-0.0839132
-0.0839138
-0.0839143
-0.0839148
-0.0839153
-0.0839158
-0.0839163
-0.0839167
-0.0839171
-0.0839175
-0.0839179
-0.0839183
-0.0839186
-0.083919
-0.0839193
-0.0839196
-0.0839199
-0.0839202
-0.0839205
-0.0839207
-0.083921
-0.0839212
-0.0839215
-0.0839217
-0.0839219
-0.0839221
-0.0839223
-0.0839225
-0.0839227
-0.0839228
-0.083923
-0.0839232
-0.0839233
-0.0839235
-0.0839236
-0.0839237
-0.0839239
-0.083924
-0.0839241
-0.0839242
-0.0839244
-0.0839245
-0.0839246
-0.0839247
-0.0839247
-0.0839248
-0.0839249
-0.083925
-0.0839251
-0.0839252
-0.0839252
-0.0839253
-0.0839254
-0.0839254
-0.0839255
-0.0839256
-0.0839256
-0.0839257
-0.0839257
-0.0839258
-0.0839258
-0.0839259
-0.0839259
-0.083926
-0.083926
-0.083926
-0.0839261
-0.0839261
-0.0839261
-0.0839262
-0.0839262
-0.0839262
-0.0839263
-0.0839263
-0.0839263
-0.0839263
-0.0839264
-0.0839264
-0.0839264
-0.0839264
-0.0839265
-0.0839265
-0.0839265
-0.0839265
-0.0839265
-0.0839266
-0.0839266
-0.0839266
-0.0839266
-0.0839266
-0.0839266
-0.0839266
-0.0839267
-0.0839267
-0.0839267
-0.0839267
-0.0839267
-0.0839267
-0.0839267
-0.0839267
-0.0839267
-0.0839268
-0.0839268
-0.0839268
-0.0839268
-0.0839268
-0.0839268
-0.0839268
-0.0839268
-0.0839268
-0.0839268
-0.0839268
-0.0839268
-0.0839268
-0.0839268
-0.0839269
-0.0839269
-0.0839269
-0.0839269
-0.0839269
-0.0839269
-0.0839269
-0.0839269
-0.0839269
-0.0839269
-0.0839269
-0.0839269
-0.0839269
-0.0839269
-0.0839269
-0.0839269
-0.0839269
-0.0839269
-0.0839269
-0.0839269
-0.0839269
-0.083927
-0.083927
-0.083927
-0.083927
-0.083927
-0.083927
-0.083927
-0.083927
-0.083927
-0.083927
-0.083927
-0.083927
-0.083927
-0.083927
-0.083927
-0.083927
-0.083927
-0.083927
-0.0839271
-0.0839271
-0.0839271
-0.0839271
-0.0839271
-0.0839271
-0.0839271
-0.0839271
-0.0839271
-0.0839271
-0.0839271
-0.0839272
-0.0839272
-0.0839272
-0.0839272
-0.0839272
-0.0839272
-0.0839272
-0.0839273
-0.0839273
-0.0839273
-0.0839273
-0.0839273
-0.0839273
-0.0839274
-0.0839274
-0.0839274
-0.0839274
-0.0839275
-0.0839275
-0.0839275
-0.0839276
-0.0839276
-0.0839276
-0.0839277
-0.0839277
-0.0839277
-0.0839278
-0.0839278
-0.0839279
-0.0839279
-0.083928
-0.083928
-0.0839281
-0.0839281
-0.0839282
-0.0839283
-0.0839283
-0.0839284
-0.0839285
-0.0839286
-0.0839286
-0.0839287
-0.0839288
-0.0839289
-0.083929
-0.0839291
-0.0839293
-0.0839294
-0.0839295
-0.0839296
-0.0839298
-0.0839299
-0.0839301
-0.0839303
-0.0839304
-0.0839306
-0.0839308
-0.083931
-0.0839312
-0.0839315
-0.0839317
-0.083932
-0.0839322
-0.0839325
-0.0839328
-0.0839331
-0.0839334
-0.0839338
-0.0839341
-0.0839345
-0.0839349
-0.0839354
-0.0839358
-0.0839363
-0.0839368
-0.0839373
-0.0839378
-0.0839384
-0.083939
-0.0839397
-0.0839403
-0.083941
-0.0839418
-0.0839426
-0.0839434
-0.0839443
-0.0839452
-0.0839462
-0.0839472
-0.0839482
-0.0839494
-0.0839506
-0.0839518
-0.0839531
-0.0839545
-0.083956
-0.0839575
-0.0839591
-0.0839608
-0.0839626
-0.0839645
-0.0839665
-0.0839686
-0.0839708
-0.0839731
-0.0839756
-0.0839782
-0.0839809
-0.0839837
-0.0839867
-0.0839899
-0.0839933
-0.0839968
-0.0840005
-0.0840044
-0.0840085
-0.0840128
-0.0840173
-0.0840221
-0.0840272
-0.0840325
-0.0840381
-0.0840439
-0.0840501
-0.0840567
-0.0840635
-0.0840708
-0.0840784
-0.0840864
-0.0840949
-0.0841038
-0.0841131
-0.084123
-0.0841334
-0.0841443
-0.0841558
-0.084168
-0.0841807
-0.0841942
-0.0842083
-0.0842232
-0.0842389
-0.0842554
-0.0842728
-0.0842911
-0.0843104
-0.0843307
-0.0843521
-0.0843746
-0.0843983
-0.0844232
-0.0844495
-0.0844771
-0.0845063
-0.0845369
-0.0845692
-0.0846032
-0.084639
-0.0846766
-0.0847163
-0.084758
-0.084802
-0.0848482
-0.0848969
-0.0849482
-0.0850022
-0.085059
-0.0851188
-0.0851818
-0.0852481
-0.0853179
-0.0853913
-0.0854686
-0.08555
-0.0856357
-0.0857258
-0.0858207
-0.0859206
-0.0860257
-0.0861363
-0.0862527
-0.0863752
-0.0865042
-0.0866398
-0.0867826
-0.0869328
-0.0870908
-0.0872571
-0.0874321
-0.0876162
-0.0878098
-0.0880135
-0.0882278
-0.0884531
-0.0886902
-0.0889395
-0.0892017
-0.0894774
-0.0897673
-0.0900721
-0.0903925
-0.0907294
-0.0910835
-0.0914557
-0.0918469
-0.0922579
-0.0926899
-0.0931437
-0.0936204
-0.0941211
-0.094647
-0.0951993
-0.0957791
-0.0963879
-0.0970268
-0.0976974
-0.098401
-0.0991391
-0.0999134
-0.100725
-0.101577
-0.102469
-0.103404
-0.104384
-0.105411
-0.106486
-0.107611
-0.108789
-0.110021
-0.11131
-0.112658
-0.114067
-0.115539
-0.117077
-0.118683
-0.120358
-0.122107
-0.123929
-0.125829
-0.127809
-0.12987
-0.132015
-0.134245
-0.136565
-0.138974
-0.141476
-0.144071
-0.146763
-0.149552
-0.152441
-0.155429
-0.158519
-0.161711
-0.165007
-0.168406
-0.171908
-0.175515
-0.179225
-0.183038
-0.186952
-0.190968
-0.195082
-0.199293
-0.203599
-0.207998
-0.212485
-0.217058
-0.221712
-0.226445
-0.231251
-0.236125
-0.241063
-0.246059
-0.251107
-0.256202
-0.261337
-0.266506
-0.271702
-0.276919
-0.28215
-0.287388
-0.292626
-0.297857
-0.303075
-0.308272
-0.313442
-0.318579
-0.323676
-0.328727
-0.333726
-0.338668
-0.343546
-0.348357
-0.353094
-0.357755
-0.362334
-0.366829
-0.371235
-0.375549
-0.37977
-0.383895
-0.387921
-0.391847
-0.395673
-0.399396
-0.403017
-0.406535
-0.409949
-0.413261
-0.416471
-0.419579
-0.422586
-0.425493
-0.428302
-0.431014
-0.43363
-0.436153
-0.438584
-0.440926
-0.443179
-0.445346
-0.44743
-0.449433
-0.451356
-0.453202
-0.454974
-0.456673
-0.458302
-0.459863
-0.461358
-0.46279
-0.464161
-0.465473
-0.466728
-0.467928
-0.469076
-0.470172
-0.47122
-0.472221
-0.473177
-0.47409
-0.474962
-0.475793
-0.476587
-0.477344
-0.478066
-0.478755
-0.479411
-0.480037
-0.480634
-0.481203
-0.481745
-0.482261
-0.482753
-0.483221
-0.483668
-0.484093
-0.484497
-0.484883
-0.48525
-0.485599
-0.485931
-0.486248
-0.486549
-0.486836
-0.487108
-0.487368
-0.487615
-0.48785
-0.488073
-0.488286
-0.488488
-0.488681
-0.488864
-0.489038
-0.489203
-0.489361
-0.48951
-0.489653
-0.489788
-0.489917
-0.490039
-0.490156
-0.490266
-0.490372
-0.490472
-0.490567
-0.490657
-0.490743
-0.490825
-0.490903
-0.490977
-0.491047
-0.491114
-0.491177
-0.491237
-0.491295
-0.491349
-0.491401
-0.49145
-0.491497
-0.491542
-0.491584
-0.491624
-0.491662
-0.491699
-0.491733
-0.491766
-0.491797
-0.491827
-0.491855
-0.491882
-0.491907
-0.491931
-0.491954
-0.491976
-0.491997
-0.492017
-0.492035
-0.492053
-0.49207
-0.492086
-0.492102
-0.492116
-0.49213
-0.492143
-0.492156
-0.492167
-0.492179
-0.492189
-0.4922
-0.492209
-0.492218
-0.492227
-0.492235
-0.492243
-0.492251
-0.492258
-0.492265
-0.492271
-0.492277
-0.492283
-0.492289
-0.492294
-0.492299
-0.492304
-0.492308
-0.492312
-0.492316
-0.49232
-0.492324
-0.492327
-0.492331
-0.492334
-0.492337
-0.49234
-0.492342
-0.492345
-0.492347
-0.49235
-0.492352
-0.492354
-0.492356
-0.492358
-0.49236
-0.492362
-0.492363
-0.492365
-0.492366
-0.492368
-0.492369
-0.49237
-0.492371
-0.492372
-0.492374
-0.492375
-0.492376
-0.492376
-0.492377
-0.492378
-0.492379
-0.49238
-0.49238
-0.492381
-0.492382
-0.492382
-0.492383
-0.492384
-0.492384
-0.492385
-0.492385
-0.492386
-0.492386
-0.492386
-0.492387
-0.492387
-0.492387
-0.492388
-0.492388
-0.492388
-0.492389
-0.492389
-0.492389
-0.49239
-0.49239
-0.49239
-0.49239
-0.49239
-0.492391
-0.492391
-0.492391
-0.492391
-0.492391
-0.492391
-0.492392
-0.492392
-0.492392
-0.492392
-0.492392
-0.492392
-0.492392
-0.492392
-0.492392
-0.492393
-0.492393
-0.492393
-0.492393
-0.492393
-0.492393
-0.492393
-0.492393
-0.492393
-0.492393
-0.492393
-0.492393
-0.492393
-0.492393
-0.492393
-0.492393
-0.492393
-0.492394
-0.492394
-0.492394
-0.492394
-0.492394
-0.492394
-0.492394
-0.492394
-0.492394
-0.492394
-0.492394
-0.492394
-0.492394
-0.492394
-0.492394
-0.492394
-0.492394
-0.492394
-0.492394
-0.492394
-0.492394
-0.492394
-0.492394
-0.492394
-0.492394
-0.492394
-0.492394
-0.492394
-0.492394
-0.492394
-0.492394
-0.492394
-0.492394
-0.492394
-0.492394
-0.492394
-0.492394
-0.492394
-0.492394
-0.492394
-0.492394
-0.492394
-0.492394
-0.492394
-0.492394
-0.492394
-0.492394
-0.492394
-0.492394
-0.492394
-0.492394
-0.492394
-0.492394
-0.492394
-0.492394
-0.492394
-0.492394
-0.492394
-0.492394
-0.492394
-0.492394
-0.492394
-0.492394
-0.492394
-0.492394
-0.492394
-0.492394
-0.492394
-0.492394
-0.492394
-0.492394
-0.492394
-0.492394
-0.492394
-0.492394
-0.492394
-0.492394
-0.492394
-0.492394
-0.492394
-0.492394
-0.492394
-0.492394
-0.492394
-0.492394
-0.492394
-0.492394
-0.492394
-0.492394
-0.492394
-0.492394
-0.492394
-0.492394
-0.492394
-0.492394
-0.492394
-0.492394
-0.492394
-0.492394
-0.492394
-0.492394
-0.492394
-0.492394
-0.492394
-0.492394
-0.492394
-0.492394
-0.492394




0.25 0.0977136
0.5 0.147602
0.75 0.162148
1 0.15138
1.25 0.123288
1.5 0.0841653
1.75 0.0389169
2 -0.00870561
2.25 -0.0558756
2.5 -0.100538
2.75 -0.141231
3 -0.177002
3.25 -0.207258
3.5 -0.231735
3.75 -0.250367
4 -0.263297
4.25 -0.270757
4.5 -0.273106
4.75 -0.270724
5 -0.264066
5.25 -0.253559
5.5 -0.23968
5.75 -0.222846
6 -0.203507
6.25 -0.18204
6.5 -0.15884
6.75 -0.13423
7 -0.108541
7.25 -0.0820359
7.5 -0.0549747
7.75 -0.0275655
