A)
Gaussian wavelet:
Number of neurons : 8
Lowest found cost: 0.0778493
Optimal p = [-1.476, 0.709101, -1.86171, -1.26858, -0.118404, 0.899121, 0.460178, 0.971936]
            [-0.159075, 1.62448, 0.118801, 0.530285, 0.439675, -1.72938, -0.46258, -1.85491]
            [-1.12411, 0.692006, -1.96921, 1.89747, 1.59834, -1.29359, 1.43661, 0.930652]

Wavelet:
Number of neurons : 8
Lowest found cost: 0.55057
Optimal p = [-1.47357, 0.699911, -1.86171, -1.90326, 0.0745917, 1.13138, 1.45325, 0.854154]
            [-0.166163, 1.74331, 0.118801, 0.608848, 0.892025, -1.95451, -1.05984, -1.60929]
            [-1.12414, 0.0166525, -1.96921, 1.68419, 0.791982, -0.834909, 1.73735, 1.42689]



-1 0.353227 0.340257 0.420101
-0.997998 0.353592 0.341414 0.417291
-0.995996 0.353916 0.342509 0.414482
-0.993994 0.354198 0.343541 0.411673
-0.991992 0.354438 0.344511 0.408867
-0.98999 0.354636 0.345418 0.406062
-0.987988 0.354792 0.346263 0.40326
-0.985986 0.354905 0.347044 0.400461
-0.983984 0.354974 0.347761 0.397664
-0.981982 0.355 0.348416 0.394872
-0.97998 0.354982 0.349006 0.392083
-0.977978 0.35492 0.349533 0.389297
-0.975976 0.354814 0.349996 0.386516
-0.973974 0.354662 0.350395 0.383739
-0.971972 0.354466 0.35073 0.380966
-0.96997 0.354224 0.351001 0.378198
-0.967968 0.353936 0.351208 0.375434
-0.965966 0.353602 0.35135 0.372674
-0.963964 0.353222 0.351428 0.369919
-0.961962 0.352796 0.351441 0.367168
-0.95996 0.352322 0.35139 0.364421
-0.957958 0.351802 0.351274 0.361679
-0.955956 0.351234 0.351094 0.358941
-0.953954 0.350618 0.350849 0.356206
-0.951952 0.349954 0.350539 0.353475
-0.94995 0.349242 0.350165 0.350748
-0.947948 0.348482 0.349726 0.348024
-0.945946 0.347673 0.349222 0.345302
-0.943944 0.346815 0.348654 0.342584
-0.941942 0.345908 0.348021 0.339868
-0.93994 0.344951 0.347324 0.337154
-0.937938 0.343945 0.346562 0.334442
-0.935936 0.342889 0.345736 0.331731
-0.933934 0.341783 0.344845 0.329021
-0.931932 0.340627 0.34389 0.326312
-0.92993 0.33942 0.342871 0.323603
-0.927928 0.338163 0.341787 0.320894
-0.925926 0.336855 0.340639 0.318184
-0.923924 0.335496 0.339428 0.315474
-0.921922 0.334086 0.338152 0.312761
-0.91992 0.332625 0.336812 0.310047
-0.917918 0.331112 0.335409 0.30733
-0.915916 0.329547 0.333942 0.30461
-0.913914 0.327931 0.332412 0.301886
-0.911912 0.326263 0.330818 0.299159
-0.90991 0.324543 0.329162 0.296426
-0.907908 0.32277 0.327442 0.293689
-0.905906 0.320946 0.325659 0.290946
-0.903904 0.319069 0.323813 0.288197
-0.901902 0.317139 0.321905 0.28544
-0.8999 0.315157 0.319935 0.282677
-0.897898 0.313122 0.317902 0.279906
-0.895896 0.311035 0.315807 0.277126
-0.893894 0.308895 0.313651 0.274336
-0.891892 0.306701 0.311433 0.271538
-0.88989 0.304455 0.309153 0.268728
-0.887888 0.302156 0.306812 0.265908
-0.885886 0.299804 0.30441 0.263077
-0.883884 0.297399 0.301947 0.260233
-0.881882 0.29494 0.299424 0.257376
-0.87988 0.292429 0.29684 0.254507
-0.877878 0.289864 0.294196 0.251623
-0.875876 0.287246 0.291493 0.248725
-0.873874 0.284575 0.28873 0.245811
-0.871872 0.281851 0.285907 0.242882
-0.86987 0.279074 0.283026 0.239936
-0.867868 0.276243 0.280085 0.236974
-0.865866 0.27336 0.277086 0.233993
-0.863864 0.270423 0.274029 0.230995
-0.861862 0.267433 0.270914 0.227978
-0.85986 0.264391 0.267741 0.224941
-0.857858 0.261295 0.264511 0.221884
-0.855856 0.258147 0.261224 0.218807
-0.853854 0.254946 0.25788 0.215708
-0.851852 0.251693 0.25448 0.212588
-0.84985 0.248387 0.251023 0.209446
-0.847848 0.245028 0.247511 0.20628
-0.845846 0.241617 0.243944 0.203091
-0.843844 0.238154 0.240321 0.199878
-0.841842 0.234639 0.236643 0.19664
-0.83984 0.231072 0.232912 0.193378
-0.837838 0.227453 0.229126 0.190089
-0.835836 0.223783 0.225286 0.186774
-0.833834 0.220061 0.221393 0.183433
-0.831832 0.216288 0.217448 0.180064
-0.82983 0.212463 0.213449 0.176668
-0.827828 0.208588 0.209399 0.173243
-0.825826 0.204662 0.205296 0.169789
-0.823824 0.200685 0.201143 0.166307
-0.821822 0.196659 0.196938 0.162794
-0.81982 0.192582 0.192683 0.159252
-0.817818 0.188455 0.188378 0.155678
-0.815816 0.184279 0.184023 0.152074
-0.813814 0.180053 0.179618 0.148438
-0.811812 0.175778 0.175165 0.144771
-0.80981 0.171455 0.170663 0.14107
-0.807808 0.167083 0.166114 0.137338
-0.805806 0.162662 0.161516 0.133572
-0.803804 0.158194 0.156872 0.129773
-0.801802 0.153678 0.152181 0.12594
-0.7998 0.149114 0.147444 0.122073
-0.797798 0.144504 0.142661 0.118171
-0.795796 0.139847 0.137832 0.114235
-0.793794 0.135143 0.132959 0.110263
-0.791792 0.130394 0.128042 0.106256
-0.78979 0.125598 0.123081 0.102214
-0.787788 0.120758 0.118077 0.0981353
-0.785786 0.115872 0.113029 0.0940207
-0.783784 0.110942 0.10794 0.0898698
-0.781782 0.105968 0.102809 0.0856823
-0.77978 0.10095 0.0976359 0.081458
-0.777778 0.0958884 0.0924225 0.0771968
-0.775776 0.0907839 0.0871689 0.0728983
-0.773774 0.085637 0.0818755 0.0685626
-0.771772 0.0804479 0.076543 0.0641895
-0.76977 0.0752172 0.0711718 0.0597788
-0.767768 0.0699452 0.0657625 0.0553305
-0.765766 0.0646325 0.0603156 0.0508444
-0.763764 0.0592794 0.0548318 0.0463205
-0.761762 0.0538866 0.0493115 0.0417587
-0.75976 0.0484543 0.0437553 0.0371589
-0.757758 0.0429832 0.0381638 0.0325213
-0.755756 0.0374738 0.0325376 0.0278456
-0.753754 0.0319265 0.0268772 0.023132
-0.751752 0.0263418 0.0211833 0.0183805
-0.74975 0.0207204 0.0154563 0.0135911
-0.747748 0.0150626 0.00969698 0.00876389
-0.745746 0.00936912 0.00390584 0.00389891
-0.743744 0.00364041 -0.0019165 -0.00100375
-0.741742 -0.00212294 -0.00776943 -0.00594396
-0.73974 -0.00792039 -0.0136523 -0.0109216
-0.737738 -0.0137513 -0.0195646 -0.0159365
-0.735736 -0.0196152 -0.0255056 -0.0209886
-0.733734 -0.0255115 -0.0314748 -0.0260776
-0.731732 -0.0314395 -0.0374714 -0.0312034
-0.72973 -0.0373987 -0.0434949 -0.0363658
-0.727728 -0.0433884 -0.0495446 -0.0415645
-0.725726 -0.049408 -0.0556199 -0.0467993
-0.723724 -0.0554569 -0.0617201 -0.0520699
-0.721722 -0.0615346 -0.0678446 -0.0573761
-0.71972 -0.0676402 -0.0739927 -0.0627176
-0.717718 -0.0737732 -0.0801638 -0.068094
-0.715716 -0.079933 -0.0863572 -0.0735051
-0.713714 -0.0861189 -0.0925722 -0.0789504
-0.711712 -0.0923301 -0.0988081 -0.0844297
-0.70971 -0.0985661 -0.105064 -0.0899425
-0.707708 -0.104826 -0.11134 -0.0954886
-0.705706 -0.111109 -0.117635 -0.101067
-0.703704 -0.117416 -0.123948 -0.106678
-0.701702 -0.123744 -0.130278 -0.112322
-0.6997 -0.130093 -0.136626 -0.117996
-0.697698 -0.136463 -0.142989 -0.123701
-0.695696 -0.142852 -0.149368 -0.129437
-0.693694 -0.149261 -0.155762 -0.135203
-0.691692 -0.155688 -0.162169 -0.140999
-0.68969 -0.162133 -0.16859 -0.146823
-0.687688 -0.168594 -0.175024 -0.152676
-0.685686 -0.175072 -0.181469 -0.158557
-0.683684 -0.181565 -0.187925 -0.164465
-0.681682 -0.188072 -0.194392 -0.170399
-0.67968 -0.194593 -0.200869 -0.17636
-0.677678 -0.201128 -0.207354 -0.182346
-0.675676 -0.207674 -0.213847 -0.188357
-0.673674 -0.214233 -0.220348 -0.194392
-0.671672 -0.220801 -0.226856 -0.20045
-0.66967 -0.22738 -0.233369 -0.206532
-0.667668 -0.233968 -0.239888 -0.212635
-0.665666 -0.240563 -0.246411 -0.21876
-0.663664 -0.247167 -0.252938 -0.224906
-0.661662 -0.253777 -0.259468 -0.231071
-0.65966 -0.260393 -0.265999 -0.237256
-0.657658 -0.267013 -0.272532 -0.243459
-0.655656 -0.273638 -0.279066 -0.24968
-0.653654 -0.280266 -0.285599 -0.255918
-0.651652 -0.286897 -0.292132 -0.262172
-0.64965 -0.293529 -0.298662 -0.268442
-0.647648 -0.300162 -0.305191 -0.274725
-0.645646 -0.306795 -0.311715 -0.281023
-0.643644 -0.313427 -0.318236 -0.287333
-0.641642 -0.320057 -0.324752 -0.293656
-0.63964 -0.326685 -0.331262 -0.299989
-0.637638 -0.333308 -0.337765 -0.306333
-0.635636 -0.339928 -0.344261 -0.312687
-0.633634 -0.346542 -0.350749 -0.319048
-0.631632 -0.35315 -0.357228 -0.325418
-0.62963 -0.359751 -0.363698 -0.331794
-0.627628 -0.366344 -0.370156 -0.338175
-0.625626 -0.372928 -0.376604 -0.344562
-0.623624 -0.379502 -0.383039 -0.350952
-0.621622 -0.386066 -0.389461 -0.357346
-0.61962 -0.392618 -0.39587 -0.363741
-0.617618 -0.399158 -0.402264 -0.370137
-0.615616 -0.405684 -0.408642 -0.376534
-0.613614 -0.412196 -0.415005 -0.382929
-0.611612 -0.418694 -0.42135 -0.389323
-0.60961 -0.425175 -0.427677 -0.395714
-0.607608 -0.431639 -0.433985 -0.4021
-0.605606 -0.438085 -0.440274 -0.408482
-0.603604 -0.444512 -0.446543 -0.414858
-0.601602 -0.45092 -0.45279 -0.421227
-0.5996 -0.457307 -0.459016 -0.427588
-0.597598 -0.463673 -0.465218 -0.433939
-0.595596 -0.470016 -0.471397 -0.440281
-0.593594 -0.476336 -0.477551 -0.446612
-0.591592 -0.482632 -0.48368 -0.45293
-0.58959 -0.488903 -0.489783 -0.459236
-0.587588 -0.495147 -0.495859 -0.465527
-0.585586 -0.501364 -0.501907 -0.471802
-0.583584 -0.507554 -0.507926 -0.478061
-0.581582 -0.513715 -0.513915 -0.484303
-0.57958 -0.519846 -0.519875 -0.490526
-0.577578 -0.525946 -0.525803 -0.49673
-0.575576 -0.532014 -0.531699 -0.502913
-0.573574 -0.538051 -0.537562 -0.509074
-0.571572 -0.544053 -0.543392 -0.515212
-0.56957 -0.550022 -0.549187 -0.521326
-0.567568 -0.555955 -0.554946 -0.527415
-0.565566 -0.561852 -0.56067 -0.533478
-0.563564 -0.567712 -0.566357 -0.539514
-0.561562 -0.573534 -0.572005 -0.545521
-0.55956 -0.579317 -0.577615 -0.551499
-0.557558 -0.58506 -0.583186 -0.557446
-0.555556 -0.590763 -0.588716 -0.563362
-0.553554 -0.596424 -0.594205 -0.569245
-0.551552 -0.602043 -0.599652 -0.575094
-0.54955 -0.607618 -0.605057 -0.580908
-0.547548 -0.613149 -0.610417 -0.586687
-0.545546 -0.618635 -0.615734 -0.592428
-0.543544 -0.624075 -0.621005 -0.598131
-0.541542 -0.629468 -0.62623 -0.603794
-0.53954 -0.634813 -0.631408 -0.609418
-0.537538 -0.640109 -0.636539 -0.615
-0.535536 -0.645356 -0.641621 -0.620539
-0.533534 -0.650553 -0.646654 -0.626034
-0.531532 -0.655698 -0.651636 -0.631485
-0.52953 -0.660791 -0.656568 -0.636891
-0.527528 -0.665831 -0.661449 -0.642249
-0.525526 -0.670817 -0.666276 -0.647559
-0.523524 -0.675749 -0.671051 -0.652821
-0.521522 -0.680625 -0.675771 -0.658032
-0.51952 -0.685445 -0.680437 -0.663192
-0.517518 -0.690207 -0.685047 -0.6683
-0.515516 -0.694912 -0.689601 -0.673355
-0.513514 -0.699557 -0.694097 -0.678356
-0.511512 -0.704143 -0.698536 -0.683301
-0.50951 -0.708668 -0.702916 -0.68819
-0.507508 -0.713132 -0.707236 -0.693022
-0.505506 -0.717534 -0.711497 -0.697795
-0.503504 -0.721874 -0.715696 -0.702509
-0.501502 -0.726149 -0.719834 -0.707162
-0.499499 -0.73036 -0.723909 -0.711754
-0.497497 -0.734506 -0.727921 -0.716284
-0.495495 -0.738585 -0.731869 -0.72075
-0.493493 -0.742598 -0.735753 -0.725152
-0.491491 -0.746543 -0.739571 -0.729489
-0.489489 -0.750421 -0.743323 -0.733759
-0.487487 -0.754229 -0.747008 -0.737962
-0.485485 -0.757967 -0.750626 -0.742097
-0.483483 -0.761635 -0.754176 -0.746162
-0.481481 -0.765231 -0.757657 -0.750158
-0.479479 -0.768756 -0.761068 -0.754082
-0.477477 -0.772208 -0.764409 -0.757935
-0.475475 -0.775587 -0.767679 -0.761714
-0.473473 -0.778891 -0.770878 -0.765421
-0.471471 -0.782121 -0.774004 -0.769052
-0.469469 -0.785276 -0.777057 -0.772608
-0.467467 -0.788354 -0.780037 -0.776087
-0.465465 -0.791356 -0.782942 -0.77949
-0.463463 -0.794281 -0.785773 -0.782814
-0.461461 -0.797127 -0.788528 -0.786059
-0.459459 -0.799895 -0.791207 -0.789225
-0.457457 -0.802584 -0.79381 -0.79231
-0.455455 -0.805193 -0.796335 -0.795314
-0.453453 -0.807721 -0.798782 -0.798236
-0.451451 -0.810169 -0.801151 -0.801075
-0.449449 -0.812535 -0.80344 -0.80383
-0.447447 -0.814818 -0.80565 -0.8065
-0.445445 -0.817019 -0.80778 -0.809086
-0.443443 -0.819137 -0.809829 -0.811585
-0.441441 -0.82117 -0.811797 -0.813998
-0.439439 -0.82312 -0.813682 -0.816324
-0.437437 -0.824984 -0.815486 -0.818562
-0.435435 -0.826763 -0.817206 -0.820711
-0.433433 -0.828456 -0.818843 -0.82277
-0.431431 -0.830063 -0.820396 -0.82474
-0.429429 -0.831582 -0.821865 -0.826619
-0.427427 -0.833015 -0.823248 -0.828406
-0.425425 -0.834359 -0.824547 -0.830102
-0.423423 -0.835615 -0.825759 -0.831705
-0.421421 -0.836783 -0.826885 -0.833215
-0.419419 -0.837861 -0.827924 -0.834631
-0.417417 -0.83885 -0.828876 -0.835953
-0.415415 -0.839749 -0.829741 -0.837181
-0.413413 -0.840557 -0.830517 -0.838313
-0.411411 -0.841275 -0.831205 -0.839349
-0.409409 -0.841902 -0.831804 -0.840289
-0.407407 -0.842437 -0.832314 -0.841132
-0.405405 -0.84288 -0.832734 -0.841878
-0.403403 -0.843231 -0.833064 -0.842526
-0.401401 -0.84349 -0.833304 -0.843076
-0.399399 -0.843656 -0.833453 -0.843527
-0.397397 -0.843729 -0.833511 -0.84388
-0.395395 -0.843708 -0.833477 -0.844133
-0.393393 -0.843594 -0.833352 -0.844286
-0.391391 -0.843386 -0.833135 -0.844339
-0.389389 -0.843084 -0.832826 -0.844291
-0.387387 -0.842688 -0.832425 -0.844143
-0.385385 -0.842197 -0.83193 -0.843894
-0.383383 -0.841611 -0.831343 -0.843543
-0.381381 -0.84093 -0.830662 -0.84309
-0.379379 -0.840154 -0.829888 -0.842536
-0.377377 -0.839282 -0.82902 -0.841879
-0.375375 -0.838315 -0.828058 -0.841119
-0.373373 -0.837253 -0.827002 -0.840257
-0.371371 -0.836094 -0.825852 -0.839293
-0.369369 -0.83484 -0.824607 -0.838225
-0.367367 -0.83349 -0.823268 -0.837054
-0.365365 -0.832043 -0.821834 -0.835779
-0.363363 -0.830501 -0.820305 -0.834401
-0.361361 -0.828862 -0.818681 -0.832919
-0.359359 -0.827126 -0.816962 -0.831334
-0.357357 -0.825295 -0.815148 -0.829644
-0.355355 -0.823367 -0.813239 -0.827851
-0.353353 -0.821342 -0.811234 -0.825954
-0.351351 -0.819222 -0.809134 -0.823953
-0.349349 -0.817005 -0.806939 -0.821847
-0.347347 -0.814691 -0.804648 -0.819638
-0.345345 -0.812281 -0.802262 -0.817325
-0.343343 -0.809775 -0.79978 -0.814908
-0.341341 -0.807173 -0.797203 -0.812387
-0.339339 -0.804475 -0.79453 -0.809762
-0.337337 -0.801681 -0.791763 -0.807033
-0.335335 -0.79879 -0.7889 -0.804201
-0.333333 -0.795804 -0.785941 -0.801265
-0.331331 -0.792723 -0.782888 -0.798226
-0.329329 -0.789546 -0.77974 -0.795083
-0.327327 -0.786273 -0.776496 -0.791838
-0.325325 -0.782906 -0.773158 -0.788489
-0.323323 -0.779443 -0.769726 -0.785038
-0.321321 -0.775886 -0.766199 -0.781485
-0.319319 -0.772234 -0.762577 -0.777829
-0.317317 -0.768488 -0.758862 -0.774071
-0.315315 -0.764648 -0.755052 -0.770212
-0.313313 -0.760714 -0.751149 -0.766251
-0.311311 -0.756687 -0.747152 -0.762189
-0.309309 -0.752566 -0.743062 -0.758026
-0.307307 -0.748353 -0.738879 -0.753763
-0.305305 -0.744047 -0.734604 -0.7494
-0.303303 -0.739648 -0.730236 -0.744937
-0.301301 -0.735158 -0.725775 -0.740375
-0.299299 -0.730576 -0.721223 -0.735713
-0.297297 -0.725903 -0.71658 -0.730954
-0.295295 -0.721139 -0.711845 -0.726096
-0.293293 -0.716285 -0.707019 -0.721141
-0.291291 -0.711341 -0.702103 -0.716088
-0.289289 -0.706307 -0.697097 -0.710939
-0.287287 -0.701184 -0.692001 -0.705694
-0.285285 -0.695972 -0.686816 -0.700354
-0.283283 -0.690672 -0.681542 -0.694918
-0.281281 -0.685284 -0.67618 -0.689388
-0.279279 -0.679809 -0.670729 -0.683763
-0.277277 -0.674247 -0.665192 -0.678046
-0.275275 -0.668599 -0.659567 -0.672236
-0.273273 -0.662866 -0.653855 -0.666333
-0.271271 -0.657047 -0.648058 -0.660339
-0.269269 -0.651143 -0.642175 -0.654254
-0.267267 -0.645156 -0.636207 -0.648079
-0.265265 -0.639085 -0.630155 -0.641815
-0.263263 -0.632931 -0.624019 -0.635462
-0.261261 -0.626695 -0.617799 -0.62902
-0.259259 -0.620377 -0.611497 -0.622492
-0.257257 -0.613979 -0.605113 -0.615876
-0.255255 -0.6075 -0.598647 -0.609175
-0.253253 -0.600941 -0.592101 -0.602388
-0.251251 -0.594303 -0.585474 -0.595518
-0.249249 -0.587587 -0.578768 -0.588563
-0.247247 -0.580793 -0.571983 -0.581527
-0.245245 -0.573922 -0.56512 -0.574408
-0.243243 -0.566975 -0.558179 -0.567208
-0.241241 -0.559953 -0.551161 -0.559928
-0.239239 -0.552856 -0.544068 -0.552568
-0.237237 -0.545684 -0.536899 -0.54513
-0.235235 -0.53844 -0.529655 -0.537615
-0.233233 -0.531123 -0.522338 -0.530023
-0.231231 -0.523734 -0.514948 -0.522355
-0.229229 -0.516275 -0.507485 -0.514612
-0.227227 -0.508745 -0.499951 -0.506795
-0.225225 -0.501146 -0.492346 -0.498906
-0.223223 -0.493479 -0.484672 -0.490945
-0.221221 -0.485744 -0.476928 -0.482912
-0.219219 -0.477943 -0.469117 -0.47481
-0.217217 -0.470076 -0.461238 -0.466639
-0.215215 -0.462143 -0.453293 -0.4584
-0.213213 -0.454147 -0.445282 -0.450094
-0.211211 -0.446088 -0.437206 -0.441722
-0.209209 -0.437966 -0.429067 -0.433285
-0.207207 -0.429783 -0.420865 -0.424785
-0.205205 -0.421539 -0.412601 -0.416222
-0.203203 -0.413236 -0.404276 -0.407598
-0.201201 -0.404874 -0.395892 -0.398913
-0.199199 -0.396455 -0.387448 -0.390168
-0.197197 -0.387979 -0.378946 -0.381366
-0.195195 -0.379448 -0.370387 -0.372506
-0.193193 -0.370861 -0.361772 -0.36359
-0.191191 -0.362221 -0.353102 -0.35462
-0.189189 -0.353529 -0.344377 -0.345595
-0.187187 -0.344785 -0.3356 -0.336519
-0.185185 -0.33599 -0.326771 -0.327391
-0.183183 -0.327145 -0.31789 -0.318213
-0.181181 -0.318252 -0.30896 -0.308985
-0.179179 -0.309312 -0.299981 -0.299711
-0.177177 -0.300324 -0.290954 -0.290389
-0.175175 -0.291292 -0.28188 -0.281023
-0.173173 -0.282215 -0.272761 -0.271612
-0.171171 -0.273095 -0.263597 -0.262158
-0.169169 -0.263932 -0.25439 -0.252663
-0.167167 -0.254729 -0.24514 -0.243127
-0.165165 -0.245485 -0.23585 -0.233552
-0.163163 -0.236203 -0.226519 -0.223939
-0.161161 -0.226882 -0.217149 -0.21429
-0.159159 -0.217525 -0.207741 -0.204605
-0.157157 -0.208133 -0.198297 -0.194887
-0.155155 -0.198706 -0.188817 -0.185135
-0.153153 -0.189245 -0.179303 -0.175352
-0.151151 -0.179753 -0.169756 -0.165539
-0.149149 -0.170229 -0.160177 -0.155697
-0.147147 -0.160676 -0.150567 -0.145828
-0.145145 -0.151093 -0.140927 -0.135932
-0.143143 -0.141484 -0.131259 -0.126011
-0.141141 -0.131848 -0.121564 -0.116066
-0.139139 -0.122186 -0.111843 -0.1061
-0.137137 -0.112501 -0.102097 -0.096112
-0.135135 -0.102793 -0.0923273 -0.0861046
-0.133133 -0.0930629 -0.0825355 -0.0760789
-0.131131 -0.0833125 -0.0727226 -0.0660363
-0.129129 -0.0735429 -0.0628898 -0.055978
-0.127127 -0.0637551 -0.0530383 -0.0459053
-0.125125 -0.0539505 -0.0431695 -0.0358198
-0.123123 -0.0441302 -0.0332846 -0.0257226
-0.121121 -0.0342954 -0.0233848 -0.0156152
-0.119119 -0.0244474 -0.0134713 -0.00549884
-0.117117 -0.0145873 -0.00354551 0.00462506
-0.115115 -0.00471632 0.00639142 0.0147552
-0.113113 0.00516424 0.0163382 0.0248901
-0.111111 0.0150532 0.0262935 0.0350286
-0.109109 0.0249493 0.0362562 0.0451692
-0.107107 0.0348514 0.0462249 0.0553105
-0.105105 0.0447582 0.0561983 0.0654513
-0.103103 0.0546684 0.0661752 0.0755902
-0.101101 0.0645809 0.0761544 0.0857258
-0.0990991 0.0744945 0.0861344 0.0958568
-0.0970971 0.0844079 0.0961141 0.105982
-0.0950951 0.0943198 0.106092 0.116099
-0.0930931 0.104229 0.116067 0.126208
-0.0910911 0.114134 0.126038 0.136307
-0.0890891 0.124035 0.136004 0.146395
-0.0870871 0.133928 0.145962 0.15647
-0.0850851 0.143815 0.155913 0.16653
-0.0830831 0.153692 0.165854 0.176576
-0.0810811 0.163559 0.175785 0.186604
-0.0790791 0.173415 0.185703 0.196615
-0.0770771 0.183258 0.195609 0.206606
-0.0750751 0.193088 0.2055 0.216576
-0.0730731 0.202903 0.215375 0.226524
-0.0710711 0.212701 0.225233 0.236449
-0.0690691 0.222482 0.235073 0.246349
-0.0670671 0.232244 0.244893 0.256224
-0.0650651 0.241987 0.254693 0.26607
-0.0630631 0.251708 0.26447 0.275889
-0.0610611 0.261407 0.274224 0.285677
-0.0590591 0.271082 0.283953 0.295434
-0.0570571 0.280732 0.293656 0.305159
-0.0550551 0.290357 0.303332 0.314849
-0.0530531 0.299954 0.31298 0.324505
-0.0510511 0.309523 0.322598 0.334124
-0.049049 0.319062 0.332185 0.343706
-0.047047 0.328571 0.341739 0.353249
-0.045045 0.338047 0.351261 0.362752
-0.043043 0.347491 0.360747 0.372214
-0.041041 0.3569 0.370198 0.381633
-0.039039 0.366273 0.379612 0.391008
-0.037037 0.37561 0.388987 0.400338
-0.035035 0.384909 0.398322 0.409622
-0.033033 0.394168 0.407617 0.418858
-0.031031 0.403388 0.41687 0.428046
-0.029029 0.412566 0.42608 0.437184
-0.027027 0.421702 0.435245 0.446271
-0.025025 0.430794 0.444365 0.455306
-0.023023 0.439841 0.453438 0.464287
-0.021021 0.448842 0.462463 0.473214
-0.019019 0.457796 0.471439 0.482086
-0.017017 0.466702 0.480364 0.4909
-0.015015 0.475559 0.489239 0.499657
-0.013013 0.484365 0.49806 0.508355
-0.011011 0.49312 0.506829 0.516992
-0.00900901 0.501822 0.515542 0.525569
-0.00700701 0.510471 0.524199 0.534083
-0.00500501 0.519064 0.532799 0.542533
-0.003003 0.527602 0.541341 0.55092
-0.001001 0.536083 0.549824 0.55924
0.001001 0.544507 0.558247 0.567495
0.003003 0.552871 0.566608 0.575681
0.00500501 0.561175 0.574907 0.5838
0.00700701 0.569418 0.583142 0.591848
0.00900901 0.577599 0.591312 0.599826
0.011011 0.585716 0.599417 0.607733
0.013013 0.59377 0.607455 0.615567
0.015015 0.601759 0.615426 0.623327
0.017017 0.609681 0.623328 0.631013
0.019019 0.617537 0.63116 0.638624
0.021021 0.625324 0.638921 0.646158
0.023023 0.633043 0.646611 0.653615
0.025025 0.640692 0.654228 0.660994
0.027027 0.648269 0.661772 0.668295
0.029029 0.655775 0.66924 0.675515
0.031031 0.663208 0.676634 0.682654
0.033033 0.670568 0.683951 0.689712
0.035035 0.677853 0.691191 0.696688
0.037037 0.685063 0.698352 0.70358
0.039039 0.692196 0.705435 0.710389
0.041041 0.699252 0.712437 0.717112
0.043043 0.706231 0.719359 0.723751
0.045045 0.71313 0.726199 0.730302
0.047047 0.71995 0.732956 0.736767
0.049049 0.726689 0.73963 0.743144
0.0510511 0.733347 0.74622 0.749432
0.0530531 0.739923 0.752725 0.755631
0.0550551 0.746416 0.759144 0.76174
0.0570571 0.752825 0.765476 0.767759
0.0590591 0.75915 0.771721 0.773686
0.0610611 0.76539 0.777878 0.779521
0.0630631 0.771544 0.783947 0.785264
0.0650651 0.777611 0.789925 0.790914
0.0670671 0.783591 0.795814 0.79647
0.0690691 0.789483 0.801611 0.801931
0.0710711 0.795286 0.807317 0.807298
0.0730731 0.801 0.812931 0.812569
0.0750751 0.806624 0.818451 0.817744
0.0770771 0.812156 0.823878 0.822823
0.0790791 0.817598 0.829211 0.827804
0.0810811 0.822948 0.834449 0.832688
0.0830831 0.828205 0.839592 0.837474
0.0850851 0.833369 0.844638 0.842162
0.0870871 0.838439 0.849588 0.84675
0.0890891 0.843414 0.854441 0.851239
0.0910911 0.848295 0.859196 0.855629
0.0930931 0.853081 0.863853 0.859918
0.0950951 0.85777 0.868411 0.864106
0.0970971 0.862363 0.87287 0.868194
0.0990991 0.866859 0.877229 0.87218
0.101101 0.871258 0.881488 0.876065
0.103103 0.875558 0.885647 0.879847
0.105105 0.87976 0.889704 0.883527
0.107107 0.883864 0.89366 0.887105
0.109109 0.887868 0.897514 0.89058
0.111111 0.891772 0.901266 0.893951
0.113113 0.895576 0.904915 0.89722
0.115115 0.89928 0.908461 0.900384
0.117117 0.902883 0.911903 0.903445
0.119119 0.906384 0.915242 0.906402
0.121121 0.909784 0.918477 0.909255
0.123123 0.913082 0.921608 0.912003
0.125125 0.916278 0.924634 0.914647
0.127127 0.919372 0.927555 0.917186
0.129129 0.922362 0.930371 0.91962
0.131131 0.925249 0.933082 0.921949
0.133133 0.928033 0.935687 0.924174
0.135135 0.930714 0.938186 0.926293
0.137137 0.93329 0.940579 0.928307
0.139139 0.935763 0.942866 0.930216
0.141141 0.938131 0.945047 0.93202
0.143143 0.940395 0.947121 0.933719
0.145145 0.942554 0.949089 0.935312
0.147147 0.944609 0.95095 0.9368
0.149149 0.946559 0.952704 0.938183
0.151151 0.948403 0.954351 0.939461
0.153153 0.950142 0.955891 0.940634
0.155155 0.951777 0.957324 0.941702
0.157157 0.953305 0.95865 0.942665
0.159159 0.954729 0.959869 0.943524
0.161161 0.956047 0.960981 0.944277
0.163163 0.957259 0.961986 0.944926
0.165165 0.958366 0.962884 0.945471
0.167167 0.959368 0.963675 0.945912
0.169169 0.960264 0.964359 0.946248
0.171171 0.961054 0.964935 0.946481
0.173173 0.961739 0.965406 0.94661
0.175175 0.962319 0.965769 0.946636
0.177177 0.962793 0.966026 0.946559
0.179179 0.963162 0.966176 0.946378
0.181181 0.963426 0.96622 0.946096
0.183183 0.963584 0.966158 0.94571
0.185185 0.963638 0.965989 0.945223
0.187187 0.963587 0.965715 0.944634
0.189189 0.963431 0.965336 0.943943
0.191191 0.963171 0.964851 0.943152
0.193193 0.962806 0.964261 0.942259
0.195195 0.962338 0.963566 0.941267
0.197197 0.961765 0.962766 0.940174
0.199199 0.961089 0.961862 0.938981
0.201201 0.960309 0.960854 0.93769
0.203203 0.959426 0.959742 0.936299
0.205205 0.95844 0.958527 0.934811
0.207207 0.957352 0.957208 0.933224
0.209209 0.956161 0.955787 0.931539
0.211211 0.954868 0.954264 0.929758
0.213213 0.953473 0.952638 0.92788
0.215215 0.951977 0.950911 0.925906
0.217217 0.95038 0.949082 0.923836
0.219219 0.948682 0.947153 0.921672
0.221221 0.946884 0.945123 0.919412
0.223223 0.944986 0.942994 0.917059
0.225225 0.942988 0.940765 0.914612
0.227227 0.940891 0.938437 0.912073
0.229229 0.938696 0.93601 0.909441
0.231231 0.936402 0.933485 0.906717
0.233233 0.934011 0.930863 0.903902
0.235235 0.931522 0.928144 0.900996
0.237237 0.928936 0.925329 0.898001
0.239239 0.926254 0.922417 0.894916
0.241241 0.923476 0.91941 0.891742
0.243243 0.920603 0.916309 0.88848
0.245245 0.917635 0.913113 0.885131
0.247247 0.914573 0.909823 0.881695
0.249249 0.911417 0.906441 0.878173
0.251251 0.908167 0.902966 0.874565
0.253253 0.904826 0.8994 0.870873
0.255255 0.901392 0.895742 0.867096
0.257257 0.897867 0.891994 0.863236
0.259259 0.894251 0.888156 0.859294
0.261261 0.890545 0.884229 0.85527
0.263263 0.886749 0.880214 0.851164
0.265265 0.882865 0.876111 0.846978
0.267267 0.878893 0.871921 0.842713
0.269269 0.874833 0.867644 0.838368
0.271271 0.870686 0.863283 0.833945
0.273273 0.866453 0.858836 0.829445
0.275275 0.862134 0.854305 0.824869
0.277277 0.857731 0.849691 0.820216
0.279279 0.853244 0.844995 0.815488
0.281281 0.848673 0.840217 0.810687
0.283283 0.84402 0.835357 0.805811
0.285285 0.839285 0.830418 0.800863
0.287287 0.83447 0.825399 0.795844
0.289289 0.829574 0.820302 0.790753
0.291291 0.824598 0.815128 0.785592
0.293293 0.819544 0.809876 0.780362
0.295295 0.814412 0.804548 0.775064
0.297297 0.809203 0.799146 0.769698
0.299299 0.803918 0.793669 0.764265
0.301301 0.798557 0.788118 0.758766
0.303303 0.793122 0.782495 0.753203
0.305305 0.787613 0.776801 0.747575
0.307307 0.782031 0.771035 0.741884
0.309309 0.776377 0.7652 0.73613
0.311311 0.770653 0.759296 0.730315
0.313313 0.764858 0.753324 0.72444
0.315315 0.758993 0.747285 0.718505
0.317317 0.75306 0.74118 0.712511
0.319319 0.74706 0.735009 0.706459
0.321321 0.740993 0.728775 0.70035
0.323323 0.73486 0.722477 0.694185
0.325325 0.728662 0.716116 0.687965
0.327327 0.722401 0.709695 0.681691
0.329329 0.716077 0.703212 0.675363
0.331331 0.70969 0.696671 0.668983
0.333333 0.703243 0.690071 0.662552
0.335335 0.696735 0.683413 0.65607
0.337337 0.690169 0.6767 0.649538
0.339339 0.683544 0.66993 0.642958
0.341341 0.676862 0.663106 0.63633
0.343343 0.670124 0.656229 0.629655
0.345345 0.663331 0.649299 0.622934
0.347347 0.656484 0.642318 0.616169
0.349349 0.649583 0.635287 0.609359
0.351351 0.642631 0.628206 0.602507
0.353353 0.635627 0.621077 0.595612
0.355355 0.628573 0.6139 0.588676
0.357357 0.62147 0.606677 0.5817
0.359359 0.614318 0.599409 0.574685
0.361361 0.60712 0.592097 0.567632
0.363363 0.599875 0.584742 0.560541
0.365365 0.592586 0.577345 0.553414
0.367367 0.585252 0.569906 0.546251
0.369369 0.577876 0.562428 0.539054
0.371371 0.570457 0.55491 0.531824
0.373373 0.562998 0.547355 0.52456
0.375375 0.555499 0.539763 0.517266
0.377377 0.547961 0.532136 0.50994
0.379379 0.540385 0.524474 0.502585
0.381381 0.532773 0.516778 0.495201
0.383383 0.525125 0.509049 0.487789
0.385385 0.517443 0.50129 0.48035
0.387387 0.509727 0.493499 0.472886
0.389389 0.501978 0.48568 0.465396
0.391391 0.494199 0.477832 0.457882
0.393393 0.486389 0.469958 0.450346
0.395395 0.47855 0.462057 0.442787
0.397397 0.470683 0.454131 0.435207
0.399399 0.462789 0.446181 0.427606
0.401401 0.454868 0.438208 0.419986
0.403403 0.446923 0.430214 0.412348
0.405405 0.438954 0.422199 0.404692
0.407407 0.430963 0.414164 0.39702
0.409409 0.422949 0.406111 0.389332
0.411411 0.414916 0.39804 0.381629
0.413413 0.406862 0.389953 0.373912
0.415415 0.39879 0.381851 0.366183
0.417417 0.390701 0.373734 0.358441
0.419419 0.382595 0.365604 0.350689
0.421421 0.374474 0.357462 0.342926
0.423423 0.366339 0.349309 0.335154
0.425425 0.358191 0.341146 0.327374
0.427427 0.350031 0.332974 0.319586
0.429429 0.34186 0.324794 0.311792
0.431431 0.333679 0.316607 0.303992
0.433433 0.32549 0.308415 0.296187
0.435435 0.317292 0.300217 0.288378
0.437437 0.309088 0.292016 0.280567
0.439439 0.300878 0.283813 0.272753
0.441441 0.292663 0.275608 0.264938
0.443443 0.284445 0.267402 0.257122
0.445445 0.276225 0.259197 0.249307
0.447447 0.268003 0.250993 0.241493
0.449449 0.259781 0.242792 0.233682
0.451451 0.251559 0.234594 0.225873
0.453453 0.243339 0.226401 0.218068
0.455455 0.235122 0.218213 0.210268
0.457457 0.226908 0.210032 0.202474
0.459459 0.218699 0.201859 0.194685
0.461461 0.210496 0.193694 0.186904
0.463463 0.2023 0.185539 0.179131
0.465465 0.194111 0.177395 0.171367
0.467467 0.185932 0.169261 0.163613
0.469469 0.177762 0.161141 0.155868
0.471471 0.169603 0.153034 0.148136
0.473473 0.161456 0.144942 0.140415
0.475475 0.153322 0.136864 0.132707
0.477477 0.145201 0.128804 0.125012
0.479479 0.137096 0.120761 0.117332
0.481481 0.129006 0.112736 0.109667
0.483483 0.120932 0.10473 0.102019
0.485485 0.112877 0.0967442 0.0943863
0.487487 0.10484 0.0887797 0.0867716
0.489489 0.0968225 0.0808372 0.079175
0.491491 0.0888257 0.0729176 0.0715974
0.493493 0.0808504 0.0650219 0.0640395
0.495495 0.0728975 0.0571509 0.056502
0.497497 0.0649679 0.0493056 0.0489857
0.499499 0.0570626 0.0414868 0.0414912
0.501502 0.0491825 0.0336953 0.0340194
0.503504 0.0413284 0.0259322 0.0265708
0.505506 0.0335013 0.0181981 0.0191463
0.507508 0.0257021 0.0104941 0.0117465
0.50951 0.0179316 0.00282084 0.00437208
0.511512 0.0101907 -0.00482072 -0.00297622
0.513514 0.00248035 -0.0124298 -0.0102977
0.515516 -0.00519864 -0.0200055 -0.0175918
0.517518 -0.0128454 -0.027547 -0.0248577
0.51952 -0.0204591 -0.0350536 -0.0320949
0.521522 -0.0280389 -0.0425245 -0.0393026
0.523524 -0.035584 -0.0499588 -0.0464802
0.525526 -0.0430935 -0.0573557 -0.053627
0.527528 -0.0505666 -0.0647146 -0.0607425
0.52953 -0.0580025 -0.0720346 -0.0678259
0.531532 -0.0654005 -0.0793149 -0.0748767
0.533534 -0.0727596 -0.0865548 -0.0818943
0.535536 -0.0800792 -0.0937537 -0.0888779
0.537538 -0.0873585 -0.100911 -0.095827
0.53954 -0.0945966 -0.108025 -0.102741
0.541542 -0.101793 -0.115096 -0.109619
0.543544 -0.108947 -0.122123 -0.116462
0.545546 -0.116057 -0.129106 -0.123267
0.547548 -0.123123 -0.136043 -0.130034
0.54955 -0.130145 -0.142933 -0.136764
0.551552 -0.137121 -0.149778 -0.143455
0.553554 -0.14405 -0.156574 -0.150107
0.555556 -0.150933 -0.163323 -0.15672
0.557558 -0.157768 -0.170023 -0.163292
0.55956 -0.164555 -0.176674 -0.169823
0.561562 -0.171293 -0.183275 -0.176313
0.563564 -0.177982 -0.189825 -0.182761
0.565566 -0.18462 -0.196324 -0.189167
0.567568 -0.191207 -0.202772 -0.19553
0.56957 -0.197743 -0.209167 -0.201849
0.571572 -0.204227 -0.215509 -0.208124
0.573574 -0.210658 -0.221798 -0.214356
0.575576 -0.217035 -0.228033 -0.220542
0.577578 -0.223359 -0.234213 -0.226683
0.57958 -0.229628 -0.240339 -0.232777
0.581582 -0.235842 -0.246408 -0.238826
0.583584 -0.242001 -0.252422 -0.244828
0.585586 -0.248103 -0.258379 -0.250782
0.587588 -0.254149 -0.264279 -0.256689
0.58959 -0.260138 -0.270121 -0.262548
0.591592 -0.266068 -0.275905 -0.268358
0.593594 -0.271941 -0.281631 -0.274118
0.595596 -0.277755 -0.287298 -0.27983
0.597598 -0.283509 -0.292906 -0.285491
0.5996 -0.289204 -0.298453 -0.291102
0.601602 -0.294839 -0.303941 -0.296663
0.603604 -0.300413 -0.309368 -0.302172
0.605606 -0.305926 -0.314733 -0.307629
0.607608 -0.311377 -0.320038 -0.313035
0.60961 -0.316767 -0.32528 -0.318388
0.611612 -0.322094 -0.330461 -0.323688
0.613614 -0.327359 -0.335579 -0.328935
0.615616 -0.33256 -0.340634 -0.334129
0.617618 -0.337698 -0.345626 -0.339269
0.61962 -0.342772 -0.350554 -0.344354
0.621622 -0.347782 -0.355419 -0.349385
0.623624 -0.352727 -0.360219 -0.354361
0.625626 -0.357608 -0.364955 -0.359282
0.627628 -0.362423 -0.369627 -0.364146
0.62963 -0.367173 -0.374233 -0.368955
0.631632 -0.371856 -0.378774 -0.373708
0.633634 -0.376474 -0.38325 -0.378404
0.635636 -0.381025 -0.38766 -0.383042
0.637638 -0.38551 -0.392004 -0.387624
0.63964 -0.389927 -0.396281 -0.392148
0.641642 -0.394277 -0.400493 -0.396614
0.643644 -0.39856 -0.404638 -0.401021
0.645646 -0.402776 -0.408716 -0.40537
0.647648 -0.406923 -0.412727 -0.409661
0.64965 -0.411002 -0.416671 -0.413892
0.651652 -0.415013 -0.420548 -0.418063
0.653654 -0.418955 -0.424357 -0.422175
0.655656 -0.422829 -0.428099 -0.426227
0.657658 -0.426634 -0.431773 -0.430219
0.65966 -0.43037 -0.43538 -0.43415
0.661662 -0.434037 -0.438918 -0.438021
0.663664 -0.437634 -0.442389 -0.44183
0.665666 -0.441163 -0.445791 -0.445579
0.667668 -0.444621 -0.449125 -0.449266
0.66967 -0.44801 -0.452391 -0.452891
0.671672 -0.45133 -0.455589 -0.456454
0.673674 -0.454579 -0.458718 -0.459954
0.675676 -0.457759 -0.461779 -0.463393
0.677678 -0.460869 -0.464772 -0.466769
0.67968 -0.463909 -0.467696 -0.470081
0.681682 -0.466879 -0.470552 -0.473331
0.683684 -0.469779 -0.47334 -0.476518
0.685686 -0.472609 -0.476059 -0.479641
0.687688 -0.475368 -0.478709 -0.4827
0.68969 -0.478058 -0.481291 -0.485695
0.691692 -0.480678 -0.483805 -0.488627
0.693694 -0.483227 -0.486251 -0.491494
0.695696 -0.485707 -0.488629 -0.494296
0.697698 -0.488117 -0.490938 -0.497034
0.6997 -0.490457 -0.493179 -0.499707
0.701702 -0.492727 -0.495353 -0.502315
0.703704 -0.494927 -0.497458 -0.504858
0.705706 -0.497058 -0.499496 -0.507336
0.707708 -0.499119 -0.501466 -0.509748
0.70971 -0.50111 -0.503368 -0.512095
0.711712 -0.503032 -0.505203 -0.514376
0.713714 -0.504885 -0.506971 -0.516591
0.715716 -0.506668 -0.508671 -0.51874
0.717718 -0.508383 -0.510305 -0.520823
0.71972 -0.510029 -0.511871 -0.522839
0.721722 -0.511606 -0.513372 -0.524789
0.723724 -0.513114 -0.514805 -0.526673
0.725726 -0.514554 -0.516173 -0.528489
0.727728 -0.515926 -0.517474 -0.530239
0.72973 -0.51723 -0.518709 -0.531923
0.731732 -0.518466 -0.519879 -0.533539
0.733734 -0.519635 -0.520983 -0.535088
0.735736 -0.520736 -0.522022 -0.536569
0.737738 -0.52177 -0.522996 -0.537984
0.73974 -0.522737 -0.523905 -0.539331
0.741742 -0.523637 -0.52475 -0.54061
0.743744 -0.524471 -0.52553 -0.541822
0.745746 -0.525239 -0.526247 -0.542966
0.747748 -0.525941 -0.5269 -0.544043
0.74975 -0.526577 -0.527489 -0.545051
0.751752 -0.527148 -0.528015 -0.545992
0.753754 -0.527653 -0.528479 -0.546865
0.755756 -0.528094 -0.528879 -0.54767
0.757758 -0.528471 -0.529218 -0.548406
0.75976 -0.528783 -0.529494 -0.549075
0.761762 -0.529032 -0.529709 -0.549675
0.763764 -0.529217 -0.529863 -0.550208
0.765766 -0.529339 -0.529956 -0.550671
0.767768 -0.529398 -0.529988 -0.551067
0.76977 -0.529395 -0.529959 -0.551394
0.771772 -0.529329 -0.529871 -0.551653
0.773774 -0.529202 -0.529723 -0.551844
0.775776 -0.529013 -0.529516 -0.551966
0.777778 -0.528764 -0.52925 -0.552019
0.77978 -0.528454 -0.528926 -0.552004
0.781782 -0.528083 -0.528543 -0.551921
0.783784 -0.527653 -0.528103 -0.551769
0.785786 -0.527163 -0.527606 -0.551549
0.787788 -0.526615 -0.527051 -0.55126
0.78979 -0.526008 -0.52644 -0.550903
0.791792 -0.525342 -0.525773 -0.550477
0.793794 -0.524619 -0.52505 -0.549983
0.795796 -0.523839 -0.524272 -0.54942
0.797798 -0.523002 -0.523439 -0.548789
0.7998 -0.522108 -0.522551 -0.548089
0.801802 -0.521158 -0.521609 -0.547321
0.803804 -0.520153 -0.520614 -0.546485
0.805806 -0.519093 -0.519565 -0.54558
0.807808 -0.517979 -0.518464 -0.544607
0.80981 -0.51681 -0.51731 -0.543566
0.811812 -0.515588 -0.516105 -0.542456
0.813814 -0.514312 -0.514848 -0.541279
0.815816 -0.512984 -0.51354 -0.540033
0.817818 -0.511604 -0.512182 -0.538719
0.81982 -0.510172 -0.510774 -0.537338
0.821822 -0.508689 -0.509316 -0.535888
0.823824 -0.507155 -0.507809 -0.534371
0.825826 -0.505571 -0.506254 -0.532786
0.827828 -0.503938 -0.50465 -0.531133
0.82983 -0.502256 -0.502998 -0.529412
0.831832 -0.500525 -0.5013 -0.527624
0.833834 -0.498746 -0.499555 -0.525769
0.835836 -0.496919 -0.497763 -0.523846
0.837838 -0.495046 -0.495926 -0.521856
0.83984 -0.493126 -0.494043 -0.519799
0.841842 -0.49116 -0.492116 -0.517675
0.843844 -0.489149 -0.490145 -0.515484
0.845846 -0.487093 -0.48813 -0.513226
0.847848 -0.484993 -0.486071 -0.510902
0.84985 -0.482849 -0.48397 -0.508511
0.851852 -0.480662 -0.481827 -0.506054
0.853854 -0.478433 -0.479642 -0.50353
0.855856 -0.476162 -0.477415 -0.50094
0.857858 -0.473849 -0.475148 -0.498285
0.85986 -0.471495 -0.472841 -0.495563
0.861862 -0.469101 -0.470494 -0.492776
0.863864 -0.466668 -0.468108 -0.489924
0.865866 -0.464195 -0.465683 -0.487005
0.867868 -0.461684 -0.46322 -0.484022
0.86987 -0.459135 -0.46072 -0.480974
0.871872 -0.456548 -0.458182 -0.477861
0.873874 -0.453925 -0.455608 -0.474683
0.875876 -0.451265 -0.452997 -0.471441
0.877878 -0.44857 -0.450351 -0.468135
0.87988 -0.44584 -0.447671 -0.464765
0.881882 -0.443075 -0.444955 -0.46133
0.883884 -0.440277 -0.442206 -0.457832
0.885886 -0.437445 -0.439423 -0.454271
0.887888 -0.434581 -0.436607 -0.450647
0.88989 -0.431685 -0.433759 -0.446959
0.891892 -0.428757 -0.430879 -0.443209
0.893894 -0.425798 -0.427967 -0.439396
0.895896 -0.422809 -0.425025 -0.435521
0.897898 -0.419791 -0.422052 -0.431584
0.8999 -0.416743 -0.41905 -0.427585
0.901902 -0.413667 -0.416018 -0.423524
0.903904 -0.410564 -0.412958 -0.419403
0.905906 -0.407433 -0.409869 -0.41522
0.907908 -0.404275 -0.406752 -0.410976
0.90991 -0.401091 -0.403608 -0.406673
0.911912 -0.397882 -0.400438 -0.402308
0.913914 -0.394648 -0.397241 -0.397885
0.915916 -0.39139 -0.394019 -0.393401
0.917918 -0.388108 -0.390771 -0.388858
0.91992 -0.384803 -0.387499 -0.384256
0.921922 -0.381476 -0.384203 -0.379596
0.923924 -0.378126 -0.380883 -0.374877
0.925926 -0.374756 -0.37754 -0.3701
0.927928 -0.371365 -0.374175 -0.365266
0.92993 -0.367954 -0.370787 -0.360374
0.931932 -0.364523 -0.367378 -0.355425
0.933934 -0.361074 -0.363947 -0.35042
0.935936 -0.357606 -0.360496 -0.345358
0.937938 -0.354121 -0.357025 -0.34024
0.93994 -0.350619 -0.353534 -0.335067
0.941942 -0.3471 -0.350025 -0.329838
0.943944 -0.343565 -0.346496 -0.324555
0.945946 -0.340015 -0.34295 -0.319217
0.947948 -0.33645 -0.339385 -0.313825
0.94995 -0.332871 -0.335804 -0.308379
0.951952 -0.329279 -0.332206 -0.30288
0.953954 -0.325673 -0.328592 -0.297329
0.955956 -0.322055 -0.324962 -0.291724
0.957958 -0.318426 -0.321317 -0.286068
0.95996 -0.314785 -0.317657 -0.28036
0.961962 -0.311133 -0.313983 -0.274602
0.963964 -0.307471 -0.310295 -0.268792
0.965966 -0.3038 -0.306594 -0.262932
0.967968 -0.30012 -0.30288 -0.257022
0.96997 -0.296431 -0.299153 -0.251063
0.971972 -0.292734 -0.295415 -0.245055
0.973974 -0.28903 -0.291665 -0.238999
0.975976 -0.28532 -0.287903 -0.232895
0.977978 -0.281603 -0.284132 -0.226743
0.97998 -0.27788 -0.28035 -0.220545
0.981982 -0.274153 -0.276558 -0.2143
0.983984 -0.270421 -0.272757 -0.208009
0.985986 -0.266684 -0.268948 -0.201672
0.987988 -0.262945 -0.26513 -0.195291
0.98999 -0.259202 -0.261303 -0.188865
0.991992 -0.255457 -0.25747 -0.182396
0.993994 -0.25171 -0.253629 -0.175883
0.995996 -0.247961 -0.249782 -0.169327
0.997998 -0.244212 -0.245928 -0.162729
1 -0.240462 -0.242068 -0.15609
