p_vec = [1.31538, 0.788647, 0.345721, 0.586501, 1.34693, 1.297, 0.189592, 1.19416, 0.0769819]
epoch = 0
p_vec = [0.668422, 1.26929, 1.62198, 0.867727, 0.53919, 0.474645, 1.30436, 1.01191, 1.28234]
p_vec = [1.5641, 1.53356, 0.364114, 1.65339, 0.726859, 0.777318, 1.8255, 0.847071, 0.749068]
p = [2.36684, 3.64325, 2.55332]
    [0.305469, 6.73096, -0.109751]
    [1.03121, 0.0930268, 1.96412]
0.0203019



-1 0.353227
-0.996672 0.353811
-0.993344 0.35428
-0.990017 0.354634
-0.986689 0.35487
-0.983361 0.354987
-0.980033 0.354984
-0.976705 0.354858
-0.973378 0.354609
-0.97005 0.354234
-0.966722 0.353734
-0.963394 0.353106
-0.960067 0.352349
-0.956739 0.351461
-0.953411 0.350442
-0.950083 0.349291
-0.946755 0.348006
-0.943428 0.346585
-0.9401 0.345029
-0.936772 0.343336
-0.933444 0.341505
-0.930116 0.339535
-0.926789 0.337425
-0.923461 0.335174
-0.920133 0.332783
-0.916805 0.330249
-0.913478 0.327572
-0.91015 0.324751
-0.906822 0.321787
-0.903494 0.318678
-0.900166 0.315424
-0.896839 0.312024
-0.893511 0.308479
-0.890183 0.304788
-0.886855 0.30095
-0.883527 0.296965
-0.8802 0.292833
-0.876872 0.288555
-0.873544 0.28413
-0.870216 0.279558
-0.866889 0.274839
-0.863561 0.269974
-0.860233 0.264962
-0.856905 0.259804
-0.853577 0.2545
-0.85025 0.249051
-0.846922 0.243457
-0.843594 0.237718
-0.840266 0.231836
-0.836938 0.225811
-0.833611 0.219643
-0.830283 0.213333
-0.826955 0.206883
-0.823627 0.200292
-0.8203 0.193563
-0.816972 0.186696
-0.813644 0.179692
-0.810316 0.172553
-0.806988 0.165279
-0.803661 0.157872
-0.800333 0.150334
-0.797005 0.142665
-0.793677 0.134868
-0.790349 0.126943
-0.787022 0.118893
-0.783694 0.11072
-0.780366 0.102424
-0.777038 0.0940079
-0.77371 0.0854736
-0.770383 0.076823
-0.767055 0.0680581
-0.763727 0.0591811
-0.760399 0.050194
-0.757072 0.0410991
-0.753744 0.0318987
-0.750416 0.0225951
-0.747088 0.0131908
-0.74376 0.00368822
-0.740433 -0.00591013
-0.737105 -0.0156016
-0.733777 -0.0253836
-0.730449 -0.0352534
-0.727121 -0.0452082
-0.723794 -0.0552451
-0.720466 -0.0653613
-0.717138 -0.0755539
-0.71381 -0.0858198
-0.710483 -0.096156
-0.707155 -0.106559
-0.703827 -0.117027
-0.700499 -0.127555
-0.697171 -0.13814
-0.693844 -0.14878
-0.690516 -0.159471
-0.687188 -0.170209
-0.68386 -0.180991
-0.680532 -0.191814
-0.677205 -0.202674
-0.673877 -0.213566
-0.670549 -0.224489
-0.667221 -0.235437
-0.663894 -0.246408
-0.660566 -0.257398
-0.657238 -0.268402
-0.65391 -0.279417
-0.650582 -0.290439
-0.647255 -0.301465
-0.643927 -0.312489
-0.640599 -0.323509
-0.637271 -0.33452
-0.633943 -0.345519
-0.630616 -0.356501
-0.627288 -0.367462
-0.62396 -0.378398
-0.620632 -0.389305
-0.617304 -0.40018
-0.613977 -0.411016
-0.610649 -0.421812
-0.607321 -0.432562
-0.603993 -0.443263
-0.600666 -0.453909
-0.597338 -0.464498
-0.59401 -0.475024
-0.590682 -0.485484
-0.587354 -0.495873
-0.584027 -0.506187
-0.580699 -0.516422
-0.577371 -0.526573
-0.574043 -0.536637
-0.570715 -0.54661
-0.567388 -0.556486
-0.56406 -0.566263
-0.560732 -0.575935
-0.557404 -0.585498
-0.554077 -0.594949
-0.550749 -0.604284
-0.547421 -0.613497
-0.544093 -0.622586
-0.540765 -0.631546
-0.537438 -0.640372
-0.53411 -0.649062
-0.530782 -0.657611
-0.527454 -0.666015
-0.524126 -0.67427
-0.520799 -0.682372
-0.517471 -0.690317
-0.514143 -0.698103
-0.510815 -0.705724
-0.507488 -0.713177
-0.50416 -0.720458
-0.500832 -0.727564
-0.497504 -0.734492
-0.494176 -0.741237
-0.490849 -0.747796
-0.487521 -0.754166
-0.484193 -0.760343
-0.480865 -0.766324
-0.477537 -0.772106
-0.47421 -0.777685
-0.470882 -0.783058
-0.467554 -0.788223
-0.464226 -0.793176
-0.460899 -0.797914
-0.457571 -0.802434
-0.454243 -0.806734
-0.450915 -0.810811
-0.447587 -0.814661
-0.44426 -0.818284
-0.440932 -0.821675
-0.437604 -0.824832
-0.434276 -0.827754
-0.430948 -0.830437
-0.427621 -0.83288
-0.424293 -0.835081
-0.420965 -0.837036
-0.417637 -0.838746
-0.414309 -0.840207
-0.410982 -0.841417
-0.407654 -0.842376
-0.404326 -0.843081
-0.400998 -0.843531
-0.397671 -0.843724
-0.394343 -0.84366
-0.391015 -0.843337
-0.387687 -0.842753
-0.384359 -0.841908
-0.381032 -0.840801
-0.377704 -0.839431
-0.374376 -0.837797
-0.371048 -0.835898
-0.36772 -0.833735
-0.364393 -0.831306
-0.361065 -0.828611
-0.357737 -0.82565
-0.354409 -0.822422
-0.351082 -0.818929
-0.347754 -0.815169
-0.344426 -0.811142
-0.341098 -0.806851
-0.33777 -0.802293
-0.334443 -0.797471
-0.331115 -0.792384
-0.327787 -0.787033
-0.324459 -0.781419
-0.321131 -0.775544
-0.317804 -0.769407
-0.314476 -0.76301
-0.311148 -0.756354
-0.30782 -0.749441
-0.304493 -0.742272
-0.301165 -0.734848
-0.297837 -0.727172
-0.294509 -0.719244
-0.291181 -0.711066
-0.287854 -0.702642
-0.284526 -0.693972
-0.281198 -0.685058
-0.27787 -0.675904
-0.274542 -0.666511
-0.271215 -0.656881
-0.267887 -0.647018
-0.264559 -0.636924
-0.261231 -0.626601
-0.257903 -0.616053
-0.254576 -0.605282
-0.251248 -0.594292
-0.24792 -0.583085
-0.244592 -0.571665
-0.241265 -0.560035
-0.237937 -0.548198
-0.234609 -0.536159
-0.231281 -0.52392
-0.227953 -0.511484
-0.224626 -0.498857
-0.221298 -0.486042
-0.21797 -0.473042
-0.214642 -0.459861
-0.211314 -0.446505
-0.207987 -0.432976
-0.204659 -0.419279
-0.201331 -0.405419
-0.198003 -0.391399
-0.194676 -0.377224
-0.191348 -0.362899
-0.18802 -0.348428
-0.184692 -0.333816
-0.181364 -0.319068
-0.178037 -0.304188
-0.174709 -0.289181
-0.171381 -0.274053
-0.168053 -0.258807
-0.164725 -0.24345
-0.161398 -0.227985
-0.15807 -0.212419
-0.154742 -0.196756
-0.151414 -0.181002
-0.148087 -0.165162
-0.144759 -0.149241
-0.141431 -0.133244
-0.138103 -0.117177
-0.134775 -0.101046
-0.131448 -0.0848551
-0.12812 -0.0686105
-0.124792 -0.0523176
-0.121464 -0.0359819
-0.118136 -0.019609
-0.114809 -0.00320441
-0.111481 0.0132262
-0.108153 0.0296772
-0.104825 0.0461431
-0.101498 0.0626181
-0.0981697 0.0790966
-0.0948419 0.095573
-0.0915141 0.112042
-0.0881864 0.128497
-0.0848586 0.144933
-0.0815308 0.161344
-0.078203 0.177724
-0.0748752 0.194069
-0.0715474 0.210371
-0.0682196 0.226626
-0.0648918 0.242829
-0.0615641 0.258972
-0.0582363 0.275051
-0.0549085 0.29106
-0.0515807 0.306994
-0.0482529 0.322847
-0.0449251 0.338614
-0.0415973 0.354289
-0.0382696 0.369866
-0.0349418 0.385341
-0.031614 0.400708
-0.0282862 0.415961
-0.0249584 0.431096
-0.0216306 0.446106
-0.0183028 0.460988
-0.014975 0.475735
-0.0116473 0.490343
-0.00831947 0.504807
-0.00499168 0.519122
-0.00166389 0.533282
0.00166389 0.547283
0.00499168 0.56112
0.00831947 0.574788
0.0116473 0.588283
0.014975 0.6016
0.0183028 0.614735
0.0216306 0.627682
0.0249584 0.640438
0.0282862 0.652999
0.031614 0.665359
0.0349418 0.677515
0.0382696 0.689463
0.0415973 0.701199
0.0449251 0.712719
0.0482529 0.724019
0.0515807 0.735095
0.0549085 0.745944
0.0582363 0.756561
0.0615641 0.766944
0.0648918 0.77709
0.0682196 0.786994
0.0715474 0.796654
0.0748752 0.806066
0.078203 0.815228
0.0815308 0.824137
0.0848586 0.832789
0.0881864 0.841182
0.0915141 0.849314
0.0948419 0.857182
0.0981697 0.864784
0.101498 0.872117
0.104825 0.879179
0.108153 0.885968
0.111481 0.892482
0.114809 0.898719
0.118136 0.904678
0.121464 0.910357
0.124792 0.915754
0.12812 0.920867
0.131448 0.925696
0.134775 0.93024
0.138103 0.934497
0.141431 0.938466
0.144759 0.942146
0.148087 0.945537
0.151414 0.948638
0.154742 0.951448
0.15807 0.953967
0.161398 0.956196
0.164725 0.958132
0.168053 0.959777
0.171381 0.961131
0.174709 0.962193
0.178037 0.962964
0.181364 0.963444
0.184692 0.963635
0.18802 0.963535
0.191348 0.963146
0.194676 0.962469
0.198003 0.961505
0.201331 0.960255
0.204659 0.95872
0.207987 0.9569
0.211314 0.954799
0.214642 0.952416
0.21797 0.949753
0.221298 0.946813
0.224626 0.943597
0.227953 0.940106
0.231281 0.936344
0.234609 0.932311
0.237937 0.92801
0.241265 0.923443
0.244592 0.918613
0.24792 0.913522
0.251248 0.908173
0.254576 0.902568
0.257903 0.89671
0.261231 0.890601
0.264559 0.884245
0.267887 0.877645
0.271215 0.870804
0.274542 0.863725
0.27787 0.856411
0.281198 0.848865
0.284526 0.841091
0.287854 0.833093
0.291181 0.824873
0.294509 0.816437
0.297837 0.807786
0.301165 0.798925
0.304493 0.789858
0.30782 0.780589
0.311148 0.771122
0.314476 0.76146
0.317804 0.751609
0.321131 0.741571
0.324459 0.731351
0.327787 0.720954
0.331115 0.710384
0.334443 0.699645
0.33777 0.688741
0.341098 0.677677
0.344426 0.666458
0.347754 0.655087
0.351082 0.643571
0.354409 0.631912
0.357737 0.620117
0.361065 0.608189
0.364393 0.596133
0.36772 0.583954
0.371048 0.571657
0.374376 0.559247
0.377704 0.546728
0.381032 0.534105
0.384359 0.521384
0.387687 0.508568
0.391015 0.495664
0.394343 0.482675
0.397671 0.469607
0.400998 0.456465
0.404326 0.443253
0.407654 0.429977
0.410982 0.416642
0.414309 0.403251
0.417637 0.389811
0.420965 0.376327
0.424293 0.362802
0.427621 0.349243
0.430948 0.335654
0.434276 0.32204
0.437604 0.308405
0.440932 0.294755
0.44426 0.281095
0.447587 0.267428
0.450915 0.253761
0.454243 0.240098
0.457571 0.226443
0.460899 0.212802
0.464226 0.199179
0.467554 0.185578
0.470882 0.172005
0.47421 0.158463
0.477537 0.144958
0.480865 0.131494
0.484193 0.118075
0.487521 0.104706
0.490849 0.0913915
0.494176 0.0781351
0.497504 0.0649416
0.500832 0.0518151
0.50416 0.0387598
0.507488 0.0257798
0.510815 0.0128792
0.514143 6.20713e-05
0.517471 -0.0126677
0.520799 -0.0253061
0.524126 -0.0378494
0.527454 -0.0502937
0.530782 -0.0626354
0.53411 -0.0748707
0.537438 -0.0869961
0.540765 -0.099008
0.544093 -0.110903
0.547421 -0.122678
0.550749 -0.134329
0.554077 -0.145853
0.557404 -0.157247
0.560732 -0.168508
0.56406 -0.179632
0.567388 -0.190617
0.570715 -0.201461
0.574043 -0.212159
0.577371 -0.222709
0.580699 -0.233109
0.584027 -0.243356
0.587354 -0.253448
0.590682 -0.263382
0.59401 -0.273155
0.597338 -0.282766
0.600666 -0.292212
0.603993 -0.301491
0.607321 -0.310601
0.610649 -0.31954
0.613977 -0.328307
0.617304 -0.336899
0.620632 -0.345314
0.62396 -0.353552
0.627288 -0.36161
0.630616 -0.369488
0.633943 -0.377183
0.637271 -0.384694
0.640599 -0.39202
0.643927 -0.399161
0.647255 -0.406114
0.650582 -0.412879
0.65391 -0.419456
0.657238 -0.425842
0.660566 -0.432038
0.663894 -0.438043
0.667221 -0.443856
0.670549 -0.449477
0.673877 -0.454905
0.677205 -0.46014
0.680532 -0.465182
0.68386 -0.470031
0.687188 -0.474686
0.690516 -0.479148
0.693844 -0.483416
0.697171 -0.48749
0.700499 -0.491372
0.703827 -0.49506
0.707155 -0.498556
0.710483 -0.50186
0.71381 -0.504972
0.717138 -0.507894
0.720466 -0.510625
0.723794 -0.513166
0.727121 -0.515518
0.730449 -0.517682
0.733777 -0.519659
0.737105 -0.52145
0.740433 -0.523056
0.74376 -0.524478
0.747088 -0.525717
0.750416 -0.526774
0.753744 -0.527651
0.757072 -0.528349
0.760399 -0.52887
0.763727 -0.529214
0.767055 -0.529384
0.770383 -0.529381
0.77371 -0.529207
0.777038 -0.528863
0.780366 -0.528351
0.783694 -0.527674
0.787022 -0.526832
0.790349 -0.525827
0.793677 -0.524663
0.797005 -0.52334
0.800333 -0.521861
0.803661 -0.520227
0.806988 -0.518441
0.810316 -0.516506
0.813644 -0.514422
0.816972 -0.512193
0.8203 -0.509821
0.823627 -0.507308
0.826955 -0.504656
0.830283 -0.501868
0.833611 -0.498946
0.836938 -0.495893
0.840266 -0.492711
0.843594 -0.489402
0.846922 -0.48597
0.85025 -0.482416
0.853577 -0.478743
0.856905 -0.474954
0.860233 -0.471052
0.863561 -0.467039
0.866889 -0.462917
0.870216 -0.45869
0.873544 -0.454359
0.876872 -0.449929
0.8802 -0.445401
0.883527 -0.440778
0.886855 -0.436062
0.890183 -0.431258
0.893511 -0.426367
0.896839 -0.421392
0.900166 -0.416336
0.903494 -0.411201
0.906822 -0.405991
0.91015 -0.400708
0.913478 -0.395355
0.916805 -0.389935
0.920133 -0.38445
0.923461 -0.378903
0.926789 -0.373297
0.930116 -0.367635
0.933444 -0.361919
0.936772 -0.356153
0.9401 -0.350338
0.943428 -0.344478
0.946755 -0.338575
0.950083 -0.332633
0.953411 -0.326652
0.956739 -0.320637
0.960067 -0.314591
0.963394 -0.308514
0.966722 -0.302411
0.97005 -0.296283
0.973378 -0.290134
0.976705 -0.283966
0.980033 -0.277781
0.983361 -0.271582
0.986689 -0.265372
0.990017 -0.259152
0.993344 -0.252926



-1 -0.0398735
-0.996672 -0.0398721
-0.993344 -0.0398707
-0.990017 -0.0398692
-0.986689 -0.0398677
-0.983361 -0.0398661
-0.980033 -0.0398645
-0.976705 -0.0398629
-0.973378 -0.0398612
-0.97005 -0.0398595
-0.966722 -0.0398577
-0.963394 -0.0398559
-0.960067 -0.0398541
-0.956739 -0.0398522
-0.953411 -0.0398503
-0.950083 -0.0398483
-0.946755 -0.0398463
-0.943428 -0.0398443
-0.9401 -0.0398422
-0.936772 -0.0398401
-0.933444 -0.0398379
-0.930116 -0.0398357
-0.926789 -0.0398335
-0.923461 -0.0398312
-0.920133 -0.0398289
-0.916805 -0.0398265
-0.913478 -0.0398241
-0.91015 -0.0398216
-0.906822 -0.0398192
-0.903494 -0.0398166
-0.900166 -0.0398141
-0.896839 -0.0398115
-0.893511 -0.0398088
-0.890183 -0.0398061
-0.886855 -0.0398034
-0.883527 -0.0398006
-0.8802 -0.0397978
-0.876872 -0.039795
-0.873544 -0.0397921
-0.870216 -0.0397891
-0.866889 -0.0397862
-0.863561 -0.0397831
-0.860233 -0.0397801
-0.856905 -0.039777
-0.853577 -0.0397738
-0.85025 -0.0397707
-0.846922 -0.0397674
-0.843594 -0.0397642
-0.840266 -0.0397609
-0.836938 -0.0397575
-0.833611 -0.0397541
-0.830283 -0.0397507
-0.826955 -0.0397473
-0.823627 -0.0397437
-0.8203 -0.0397402
-0.816972 -0.0397366
-0.813644 -0.039733
-0.810316 -0.0397293
-0.806988 -0.0397256
-0.803661 -0.0397218
-0.800333 -0.039718
-0.797005 -0.0397142
-0.793677 -0.0397103
-0.790349 -0.0397064
-0.787022 -0.0397024
-0.783694 -0.0396984
-0.780366 -0.0396944
-0.777038 -0.0396903
-0.77371 -0.0396862
-0.770383 -0.039682
-0.767055 -0.0396778
-0.763727 -0.0396735
-0.760399 -0.0396692
-0.757072 -0.0396649
-0.753744 -0.0396605
-0.750416 -0.0396561
-0.747088 -0.0396516
-0.74376 -0.0396471
-0.740433 -0.0396426
-0.737105 -0.039638
-0.733777 -0.0396334
-0.730449 -0.0396287
-0.727121 -0.039624
-0.723794 -0.0396192
-0.720466 -0.0396145
-0.717138 -0.0396096
-0.71381 -0.0396047
-0.710483 -0.0395998
-0.707155 -0.0395949
-0.703827 -0.0395899
-0.700499 -0.0395848
-0.697171 -0.0395797
-0.693844 -0.0395746
-0.690516 -0.0395694
-0.687188 -0.0395642
-0.68386 -0.0395589
-0.680532 -0.0395537
-0.677205 -0.0395483
-0.673877 -0.0395429
-0.670549 -0.0395375
-0.667221 -0.039532
-0.663894 -0.0395265
-0.660566 -0.039521
-0.657238 -0.0395154
-0.65391 -0.0395098
-0.650582 -0.0395041
-0.647255 -0.0394984
-0.643927 -0.0394926
-0.640599 -0.0394868
-0.637271 -0.0394809
-0.633943 -0.0394751
-0.630616 -0.0394691
-0.627288 -0.0394632
-0.62396 -0.0394571
-0.620632 -0.0394511
-0.617304 -0.039445
-0.613977 -0.0394388
-0.610649 -0.0394327
-0.607321 -0.0394264
-0.603993 -0.0394202
-0.600666 -0.0394138
-0.597338 -0.0394075
-0.59401 -0.0394011
-0.590682 -0.0393947
-0.587354 -0.0393882
-0.584027 -0.0393816
-0.580699 -0.0393751
-0.577371 -0.0393685
-0.574043 -0.0393618
-0.570715 -0.0393551
-0.567388 -0.0393484
-0.56406 -0.0393416
-0.560732 -0.0393348
-0.557404 -0.0393279
-0.554077 -0.039321
-0.550749 -0.0393141
-0.547421 -0.0393071
-0.544093 -0.0393
-0.540765 -0.0392929
-0.537438 -0.0392858
-0.53411 -0.0392787
-0.530782 -0.0392715
-0.527454 -0.0392642
-0.524126 -0.0392569
-0.520799 -0.0392496
-0.517471 -0.0392422
-0.514143 -0.0392348
-0.510815 -0.0392273
-0.507488 -0.0392198
-0.50416 -0.0392122
-0.500832 -0.0392047
-0.497504 -0.039197
-0.494176 -0.0391893
-0.490849 -0.0391816
-0.487521 -0.0391738
-0.484193 -0.039166
-0.480865 -0.0391582
-0.477537 -0.0391503
-0.47421 -0.0391424
-0.470882 -0.0391344
-0.467554 -0.0391263
-0.464226 -0.0391183
-0.460899 -0.0391102
-0.457571 -0.039102
-0.454243 -0.0390938
-0.450915 -0.0390856
-0.447587 -0.0390773
-0.44426 -0.039069
-0.440932 -0.0390606
-0.437604 -0.0390522
-0.434276 -0.0390437
-0.430948 -0.0390352
-0.427621 -0.0390267
-0.424293 -0.0390181
-0.420965 -0.0390095
-0.417637 -0.0390008
-0.414309 -0.0389921
-0.410982 -0.0389833
-0.407654 -0.0389745
-0.404326 -0.0389657
-0.400998 -0.0389568
-0.397671 -0.0389479
-0.394343 -0.0389389
-0.391015 -0.0389299
-0.387687 -0.0389208
-0.384359 -0.0389117
-0.381032 -0.0389025
-0.377704 -0.0388934
-0.374376 -0.0388841
-0.371048 -0.0388748
-0.36772 -0.0388655
-0.364393 -0.0388561
-0.361065 -0.0388467
-0.357737 -0.0388373
-0.354409 -0.0388278
-0.351082 -0.0388182
-0.347754 -0.0388087
-0.344426 -0.038799
-0.341098 -0.0387894
-0.33777 -0.0387796
-0.334443 -0.0387699
-0.331115 -0.0387601
-0.327787 -0.0387502
-0.324459 -0.0387403
-0.321131 -0.0387304
-0.317804 -0.0387204
-0.314476 -0.0387104
-0.311148 -0.0387004
-0.30782 -0.0386902
-0.304493 -0.0386801
-0.301165 -0.0386699
-0.297837 -0.0386597
-0.294509 -0.0386494
-0.291181 -0.038639
-0.287854 -0.0386287
-0.284526 -0.0386183
-0.281198 -0.0386078
-0.27787 -0.0385973
-0.274542 -0.0385868
-0.271215 -0.0385762
-0.267887 -0.0385655
-0.264559 -0.0385549
-0.261231 -0.0385441
-0.257903 -0.0385334
-0.254576 -0.0385226
-0.251248 -0.0385117
-0.24792 -0.0385008
-0.244592 -0.0384899
-0.241265 -0.0384789
-0.237937 -0.0384679
-0.234609 -0.0384568
-0.231281 -0.0384457
-0.227953 -0.0384345
-0.224626 -0.0384233
-0.221298 -0.0384121
-0.21797 -0.0384008
-0.214642 -0.0383894
-0.211314 -0.038378
-0.207987 -0.0383666
-0.204659 -0.0383552
-0.201331 -0.0383436
-0.198003 -0.0383321
-0.194676 -0.0383205
-0.191348 -0.0383088
-0.18802 -0.0382972
-0.184692 -0.0382854
-0.181364 -0.0382737
-0.178037 -0.0382618
-0.174709 -0.03825
-0.171381 -0.0382381
-0.168053 -0.0382261
-0.164725 -0.0382141
-0.161398 -0.0382021
-0.15807 -0.03819
-0.154742 -0.0381779
-0.151414 -0.0381657
-0.148087 -0.0381535
-0.144759 -0.0381412
-0.141431 -0.0381289
-0.138103 -0.0381166
-0.134775 -0.0381042
-0.131448 -0.0380917
-0.12812 -0.0380792
-0.124792 -0.0380667
-0.121464 -0.0380541
-0.118136 -0.0380415
-0.114809 -0.0380289
-0.111481 -0.0380162
-0.108153 -0.0380034
-0.104825 -0.0379906
-0.101498 -0.0379778
-0.0981697 -0.0379649
-0.0948419 -0.037952
-0.0915141 -0.037939
-0.0881864 -0.037926
-0.0848586 -0.037913
-0.0815308 -0.0378999
-0.078203 -0.0378867
-0.0748752 -0.0378735
-0.0715474 -0.0378603
-0.0682196 -0.037847
-0.0648918 -0.0378337
-0.0615641 -0.0378203
-0.0582363 -0.0378069
-0.0549085 -0.0377935
-0.0515807 -0.03778
-0.0482529 -0.0377664
-0.0449251 -0.0377528
-0.0415973 -0.0377392
-0.0382696 -0.0377255
-0.0349418 -0.0377118
-0.031614 -0.037698
-0.0282862 -0.0376842
-0.0249584 -0.0376704
-0.0216306 -0.0376565
-0.0183028 -0.0376425
-0.014975 -0.0376286
-0.0116473 -0.0376145
-0.00831947 -0.0376005
-0.00499168 -0.0375863
-0.00166389 -0.0375722
0.00166389 -0.037558
0.00499168 -0.0375437
0.00831947 -0.0375294
0.0116473 -0.0375151
0.014975 -0.0375007
0.0183028 -0.0374863
0.0216306 -0.0374718
0.0249584 -0.0374573
0.0282862 -0.0374427
0.031614 -0.0374281
0.0349418 -0.0374135
0.0382696 -0.0373988
0.0415973 -0.037384
0.0449251 -0.0373692
0.0482529 -0.0373544
0.0515807 -0.0373395
0.0549085 -0.0373246
0.0582363 -0.0373097
0.0615641 -0.0372946
0.0648918 -0.0372796
0.0682196 -0.0372645
0.0715474 -0.0372494
0.0748752 -0.0372342
0.078203 -0.037219
0.0815308 -0.0372037
0.0848586 -0.0371884
0.0881864 -0.037173
0.0915141 -0.0371576
0.0948419 -0.0371422
0.0981697 -0.0371267
0.101498 -0.0371111
0.104825 -0.0370955
0.108153 -0.0370799
0.111481 -0.0370642
0.114809 -0.0370485
0.118136 -0.0370328
0.121464 -0.037017
0.124792 -0.0370011
0.12812 -0.0369852
0.131448 -0.0369693
0.134775 -0.0369533
0.138103 -0.0369373
0.141431 -0.0369212
0.144759 -0.0369051
0.148087 -0.0368889
0.151414 -0.0368727
0.154742 -0.0368565
0.15807 -0.0368402
0.161398 -0.0368238
0.164725 -0.0368075
0.168053 -0.036791
0.171381 -0.0367746
0.174709 -0.036758
0.178037 -0.0367415
0.181364 -0.0367249
0.184692 -0.0367082
0.18802 -0.0366915
0.191348 -0.0366748
0.194676 -0.036658
0.198003 -0.0366412
0.201331 -0.0366243
0.204659 -0.0366074
0.207987 -0.0365905
0.211314 -0.0365735
0.214642 -0.0365564
0.21797 -0.0365393
0.221298 -0.0365222
0.224626 -0.036505
0.227953 -0.0364878
0.231281 -0.0364705
0.234609 -0.0364532
0.237937 -0.0364358
0.241265 -0.0364184
0.244592 -0.036401
0.24792 -0.0363835
0.251248 -0.036366
0.254576 -0.0363484
0.257903 -0.0363308
0.261231 -0.0363131
0.264559 -0.0362954
0.267887 -0.0362776
0.271215 -0.0362598
0.274542 -0.036242
0.27787 -0.0362241
0.281198 -0.0362062
0.284526 -0.0361882
0.287854 -0.0361702
0.291181 -0.0361521
0.294509 -0.036134
0.297837 -0.0361158
0.301165 -0.0360976
0.304493 -0.0360794
0.30782 -0.0360611
0.311148 -0.0360428
0.314476 -0.0360244
0.317804 -0.036006
0.321131 -0.0359875
0.324459 -0.035969
0.327787 -0.0359505
0.331115 -0.0359319
0.334443 -0.0359132
0.33777 -0.0358945
0.341098 -0.0358758
0.344426 -0.035857
0.347754 -0.0358382
0.351082 -0.0358194
0.354409 -0.0358005
0.357737 -0.0357815
0.361065 -0.0357625
0.364393 -0.0357435
0.36772 -0.0357244
0.371048 -0.0357053
0.374376 -0.0356861
0.377704 -0.0356669
0.381032 -0.0356476
0.384359 -0.0356283
0.387687 -0.035609
0.391015 -0.0355896
0.394343 -0.0355701
0.397671 -0.0355507
0.400998 -0.0355311
0.404326 -0.0355116
0.407654 -0.035492
0.410982 -0.0354723
0.414309 -0.0354526
0.417637 -0.0354329
0.420965 -0.0354131
0.424293 -0.0353932
0.427621 -0.0353734
0.430948 -0.0353534
0.434276 -0.0353335
0.437604 -0.0353135
0.440932 -0.0352934
0.44426 -0.0352733
0.447587 -0.0352532
0.450915 -0.035233
0.454243 -0.0352128
0.457571 -0.0351925
0.460899 -0.0351722
0.464226 -0.0351518
0.467554 -0.0351314
0.470882 -0.035111
0.47421 -0.0350905
0.477537 -0.03507
0.480865 -0.0350494
0.484193 -0.0350288
0.487521 -0.0350081
0.490849 -0.0349874
0.494176 -0.0349666
0.497504 -0.0349458
0.500832 -0.034925
0.50416 -0.0349041
0.507488 -0.0348832
0.510815 -0.0348622
0.514143 -0.0348412
0.517471 -0.0348201
0.520799 -0.034799
0.524126 -0.0347779
0.527454 -0.0347567
0.530782 -0.0347355
0.53411 -0.0347142
0.537438 -0.0346929
0.540765 -0.0346715
0.544093 -0.0346501
0.547421 -0.0346286
0.550749 -0.0346071
0.554077 -0.0345856
0.557404 -0.034564
0.560732 -0.0345424
0.56406 -0.0345207
0.567388 -0.034499
0.570715 -0.0344772
0.574043 -0.0344554
0.577371 -0.0344336
0.580699 -0.0344117
0.584027 -0.0343898
0.587354 -0.0343678
0.590682 -0.0343458
0.59401 -0.0343237
0.597338 -0.0343016
0.600666 -0.0342795
0.603993 -0.0342573
0.607321 -0.034235
0.610649 -0.0342128
0.613977 -0.0341904
0.617304 -0.0341681
0.620632 -0.0341457
0.62396 -0.0341232
0.627288 -0.0341007
0.630616 -0.0340782
0.633943 -0.0340556
0.637271 -0.034033
0.640599 -0.0340103
0.643927 -0.0339876
0.647255 -0.0339648
0.650582 -0.033942
0.65391 -0.0339192
0.657238 -0.0338963
0.660566 -0.0338734
0.663894 -0.0338504
0.667221 -0.0338274
0.670549 -0.0338043
0.673877 -0.0337812
0.677205 -0.0337581
0.680532 -0.0337349
0.68386 -0.0337117
0.687188 -0.0336884
0.690516 -0.0336651
0.693844 -0.0336417
0.697171 -0.0336183
0.700499 -0.0335949
0.703827 -0.0335714
0.707155 -0.0335478
0.710483 -0.0335243
0.71381 -0.0335006
0.717138 -0.033477
0.720466 -0.0334533
0.723794 -0.0334295
0.727121 -0.0334057
0.730449 -0.0333819
0.733777 -0.033358
0.737105 -0.0333341
0.740433 -0.0333102
0.74376 -0.0332861
0.747088 -0.0332621
0.750416 -0.033238
0.753744 -0.0332139
0.757072 -0.0331897
0.760399 -0.0331655
0.763727 -0.0331412
0.767055 -0.0331169
0.770383 -0.0330926
0.77371 -0.0330682
0.777038 -0.0330438
0.780366 -0.0330193
0.783694 -0.0329948
0.787022 -0.0329702
0.790349 -0.0329456
0.793677 -0.032921
0.797005 -0.0328963
0.800333 -0.0328716
0.803661 -0.0328468
0.806988 -0.032822
0.810316 -0.0327971
0.813644 -0.0327722
0.816972 -0.0327473
0.8203 -0.0327223
0.823627 -0.0326973
0.826955 -0.0326722
0.830283 -0.0326471
0.833611 -0.0326219
0.836938 -0.0325967
0.840266 -0.0325715
0.843594 -0.0325462
0.846922 -0.0325209
0.85025 -0.0324955
0.853577 -0.0324701
0.856905 -0.0324447
0.860233 -0.0324192
0.863561 -0.0323937
0.866889 -0.0323681
0.870216 -0.0323425
0.873544 -0.0323168
0.876872 -0.0322911
0.8802 -0.0322654
0.883527 -0.0322396
0.886855 -0.0322138
0.890183 -0.0321879
0.893511 -0.032162
0.896839 -0.032136
0.900166 -0.03211
0.903494 -0.032084
0.906822 -0.0320579
0.91015 -0.0320318
0.913478 -0.0320056
0.916805 -0.0319794
0.920133 -0.0319532
0.923461 -0.0319269
0.926789 -0.0319006
0.930116 -0.0318742
0.933444 -0.0318478
0.936772 -0.0318213
0.9401 -0.0317948
0.943428 -0.0317683
0.946755 -0.0317417
0.950083 -0.0317151
0.953411 -0.0316884
0.956739 -0.0316617
0.960067 -0.031635
0.963394 -0.0316082
0.966722 -0.0315814
0.97005 -0.0315545
0.973378 -0.0315276
0.976705 -0.0315007
0.980033 -0.0314737
0.983361 -0.0314466
0.986689 -0.0314196
0.990017 -0.0313924
0.993344 -0.0313653
