B)
Gaussian wavelet:
Number of neurons : 30
Lowest found cost: 0.272191
Optimal p = [-1.477, 0.663477, -1.86171, -1.94764, 0.0910574, 0.785722, 1.51557, 1.58018, -0.42882, -1.7297, 0.0501482, -1.51761, 1.65527, 1.40546, 0.125913, -0.815421, 1.42603, -1.30544, -0.0267204, 0.911704, -1.20748, -1.29485, 0.958597, 1.74927, -0.390253, 1.82777, 0.629999, -1.56853, -0.482549, -0.472811]
            [-0.155812, 1.73989, 0.118801, 0.401818, 1.03012, -1.85574, -0.612387, -1.4718, -0.374487, 1.20116, -0.815769, -1.82246, -0.142216, -1.37241, 1.18698, 0.402102, -0.251202, 0.295615, 1.26562, -1.24907, -0.177276, -0.582941, -0.503584, 1.61386, 0.217705, -1.22877, 1.20533, 1.28255, 1.53152, -1.49383]
            [-1.12408, 0.200521, -1.96921, 1.68844, 1.06618, -0.724567, 2.15263, 1.67512, -0.8667, -1.751, -0.254875, -0.551232, -1.79966, 0.890586, 1.82215, 1.48053, -0.0236459, -1.97779, 1.90477, -1.34378, 0.939963, 0.657682, -1.49428, -1.60419, -0.0618792, 0.775852, 0.0426681, -1.37109, -1.00943, -0.502706]

A approx fit can be seen on Plot.nnFitB.svg.
The fit, the derivatives, and the anti-derivative
lookes to be pretty accurate, whereas the double derivative
seems to be around 0, but is osculating.



-1 -5 -4.98334 3.40633 46.4531 2.49745
-0.997998 -4.98999 -4.97643 3.49772 44.8464 2.48748
-0.995996 -4.97998 -4.96934 3.58591 43.264 2.47753
-0.993994 -4.96997 -4.96207 3.67096 41.7067 2.46758
-0.991992 -4.95996 -4.95464 3.75292 40.1752 2.45766
-0.98999 -4.94995 -4.94705 3.83184 38.6703 2.44775
-0.987988 -4.93994 -4.9393 3.90778 37.1925 2.43785
-0.985986 -4.92993 -4.9314 3.98078 35.7424 2.42797
-0.983984 -4.91992 -4.92336 4.05091 34.3205 2.4181
-0.981982 -4.90991 -4.91519 4.11822 32.9274 2.40826
-0.97998 -4.8999 -4.90688 4.18277 31.5633 2.39842
-0.977978 -4.88989 -4.89844 4.24462 30.2288 2.38861
-0.975976 -4.87988 -4.88988 4.30383 28.9241 2.37881
-0.973974 -4.86987 -4.88121 4.36045 27.6495 2.36903
-0.971972 -4.85986 -4.87243 4.41455 26.4052 2.35927
-0.96997 -4.84985 -4.86354 4.4662 25.1914 2.34952
-0.967968 -4.83984 -4.85454 4.51544 24.0082 2.33979
-0.965966 -4.82983 -4.84546 4.56235 22.8557 2.33008
-0.963964 -4.81982 -4.83628 4.60698 21.734 2.32039
-0.961962 -4.80981 -4.82701 4.64939 20.6431 2.31072
-0.95996 -4.7998 -4.81766 4.68965 19.5829 2.30106
-0.957958 -4.78979 -4.80824 4.72782 18.5534 2.29143
-0.955956 -4.77978 -4.79873 4.76396 17.5545 2.28181
-0.953954 -4.76977 -4.78916 4.79813 16.586 2.27221
-0.951952 -4.75976 -4.77952 4.83039 15.6478 2.26264
-0.94995 -4.74975 -4.76982 4.8608 14.7395 2.25308
-0.947948 -4.73974 -4.76006 4.88943 13.8611 2.24354
-0.945946 -4.72973 -4.75025 4.91632 13.0122 2.23402
-0.943944 -4.71972 -4.74038 4.94155 12.1925 2.22452
-0.941942 -4.70971 -4.73046 4.96516 11.4016 2.21504
-0.93994 -4.6997 -4.7205 4.98722 10.6394 2.20558
-0.937938 -4.68969 -4.71049 5.00778 9.90523 2.19614
-0.935936 -4.67968 -4.70045 5.0269 9.19885 2.18672
-0.933934 -4.66967 -4.69037 5.04463 8.5198 2.17732
-0.931932 -4.65966 -4.68025 5.06103 7.86764 2.16794
-0.92993 -4.64965 -4.6701 5.07615 7.24191 2.15858
-0.927928 -4.63964 -4.65993 5.09004 6.64214 2.14924
-0.925926 -4.62963 -4.64972 5.10276 6.06782 2.13992
-0.923924 -4.61962 -4.6395 5.11436 5.51846 2.13062
-0.921922 -4.60961 -4.62925 5.12487 4.99353 2.12134
-0.91992 -4.5996 -4.61898 5.13437 4.4925 2.11208
-0.917918 -4.58959 -4.60869 5.14288 4.01484 2.10285
-0.915916 -4.57958 -4.59839 5.15046 3.56 2.09363
-0.913914 -4.56957 -4.58807 5.15715 3.12741 2.08444
-0.911912 -4.55956 -4.57774 5.16299 2.71652 2.07526
-0.90991 -4.54955 -4.5674 5.16804 2.32676 2.06611
-0.907908 -4.53954 -4.55704 5.17232 1.95756 2.05697
-0.905906 -4.52953 -4.54669 5.17589 1.60834 2.04786
-0.903904 -4.51952 -4.53632 5.17878 1.27853 2.03877
-0.901902 -4.50951 -4.52595 5.18102 0.967543 2.0297
-0.8999 -4.4995 -4.51558 5.18266 0.674814 2.02065
-0.897898 -4.48949 -4.5052 5.18374 0.399764 2.01162
-0.895896 -4.47948 -4.49482 5.18427 0.14182 2.00261
-0.893894 -4.46947 -4.48444 5.18431 -0.0995884 1.99362
-0.891892 -4.45946 -4.47406 5.18389 -0.325027 1.98465
-0.88989 -4.44945 -4.46369 5.18302 -0.535057 1.9757
-0.887888 -4.43944 -4.45331 5.18175 -0.730234 1.96678
-0.885886 -4.42943 -4.44294 5.18011 -0.911109 1.95787
-0.883884 -4.41942 -4.43257 5.17812 -1.07823 1.94899
-0.881882 -4.40941 -4.42221 5.1758 -1.23212 1.94013
-0.87988 -4.3994 -4.41185 5.17319 -1.37332 1.93128
-0.877878 -4.38939 -4.40149 5.17031 -1.50234 1.92246
-0.875876 -4.37938 -4.39114 5.16718 -1.61969 1.91366
-0.873874 -4.36937 -4.3808 5.16383 -1.72589 1.90488
-0.871872 -4.35936 -4.37047 5.16028 -1.82141 1.89612
-0.86987 -4.34935 -4.36014 5.15655 -1.90674 1.88738
-0.867868 -4.33934 -4.34982 5.15265 -1.98235 1.87866
-0.865866 -4.32933 -4.33951 5.14861 -2.04871 1.86996
-0.863864 -4.31932 -4.32921 5.14445 -2.10625 1.86128
-0.861862 -4.30931 -4.31891 5.14019 -2.15542 1.85263
-0.85986 -4.2993 -4.30863 5.13583 -2.19664 1.84399
-0.857858 -4.28929 -4.29835 5.1314 -2.23033 1.83538
-0.855856 -4.27928 -4.28808 5.1269 -2.25689 1.82678
-0.853854 -4.26927 -4.27782 5.12236 -2.27672 1.81821
-0.851852 -4.25926 -4.26757 5.11779 -2.29019 1.80965
-0.84985 -4.24925 -4.25733 5.1132 -2.29767 1.80112
-0.847848 -4.23924 -4.2471 5.1086 -2.29951 1.79261
-0.845846 -4.22923 -4.23687 5.10399 -2.29606 1.78411
-0.843844 -4.21922 -4.22666 5.09941 -2.28766 1.77564
-0.841842 -4.20921 -4.21646 5.09484 -2.27461 1.76719
-0.83984 -4.1992 -4.20626 5.0903 -2.25723 1.75876
-0.837838 -4.18919 -4.19607 5.0858 -2.23581 1.75035
-0.835836 -4.17918 -4.1859 5.08135 -2.21065 1.74196
-0.833834 -4.16917 -4.17573 5.07695 -2.18201 1.73359
-0.831832 -4.15916 -4.16557 5.07262 -2.15015 1.72524
-0.82983 -4.14915 -4.15542 5.06835 -2.11533 1.71691
-0.827828 -4.13914 -4.14527 5.06415 -2.07778 1.7086
-0.825826 -4.12913 -4.13514 5.06003 -2.03774 1.70031
-0.823824 -4.11912 -4.12501 5.05599 -1.99543 1.69204
-0.821822 -4.10911 -4.1149 5.05204 -1.95105 1.68379
-0.81982 -4.0991 -4.10479 5.04818 -1.9048 1.67557
-0.817818 -4.08909 -4.09468 5.04441 -1.85688 1.66736
-0.815816 -4.07908 -4.08459 5.04075 -1.80746 1.65917
-0.813814 -4.06907 -4.0745 5.03718 -1.75671 1.651
-0.811812 -4.05906 -4.06442 5.03371 -1.70479 1.64286
-0.80981 -4.04905 -4.05434 5.03035 -1.65187 1.63473
-0.807808 -4.03904 -4.04428 5.0271 -1.59807 1.62662
-0.805806 -4.02903 -4.03422 5.02395 -1.54354 1.61854
-0.803804 -4.01902 -4.02416 5.02092 -1.48841 1.61047
-0.801802 -4.00901 -4.01411 5.018 -1.43279 1.60242
-0.7998 -3.999 -4.00407 5.01518 -1.37681 1.5944
-0.797798 -3.98899 -3.99403 5.01248 -1.32056 1.58639
-0.795796 -3.97898 -3.984 5.0099 -1.26415 1.57841
-0.793794 -3.96897 -3.97397 5.00742 -1.20767 1.57044
-0.791792 -3.95896 -3.96395 5.00506 -1.1512 1.56249
-0.78979 -3.94895 -3.95393 5.00281 -1.09484 1.55457
-0.787788 -3.93894 -3.94392 5.00068 -1.03864 1.54666
-0.785786 -3.92893 -3.93391 4.99865 -0.982695 1.53878
-0.783784 -3.91892 -3.9239 4.99674 -0.927054 1.53091
-0.781782 -3.90891 -3.9139 4.99494 -0.871781 1.52307
-0.77978 -3.8989 -3.9039 4.99325 -0.816932 1.51524
-0.777778 -3.88889 -3.89391 4.99167 -0.762558 1.50743
-0.775776 -3.87888 -3.88392 4.9902 -0.708707 1.49965
-0.773774 -3.86887 -3.87393 4.98883 -0.65542 1.49188
-0.771772 -3.85886 -3.86394 4.98757 -0.602739 1.48414
-0.76977 -3.84885 -3.85396 4.98642 -0.550698 1.47641
-0.767768 -3.83884 -3.84398 4.98537 -0.49933 1.46871
-0.765766 -3.82883 -3.834 4.98442 -0.448666 1.46102
-0.763764 -3.81882 -3.82402 4.98357 -0.398733 1.45335
-0.761762 -3.80881 -3.81404 4.98282 -0.349554 1.44571
-0.75976 -3.7988 -3.80407 4.98217 -0.301152 1.43808
-0.757758 -3.78879 -3.79409 4.98161 -0.253547 1.43048
-0.755756 -3.77878 -3.78412 4.98115 -0.206756 1.42289
-0.753754 -3.76877 -3.77415 4.98079 -0.160796 1.41533
-0.751752 -3.75876 -3.76418 4.98051 -0.115679 1.40778
-0.74975 -3.74875 -3.75421 4.98032 -0.0714193 1.40025
-0.747748 -3.73874 -3.74424 4.98022 -0.0280273 1.39275
-0.745746 -3.72873 -3.73427 4.98021 0.0144873 1.38526
-0.743744 -3.71872 -3.72429 4.98028 0.0561158 1.3778
-0.741742 -3.70871 -3.71432 4.98043 0.0968509 1.37035
-0.73974 -3.6987 -3.70435 4.98067 0.136686 1.36292
-0.737738 -3.68869 -3.69438 4.98098 0.175615 1.35552
-0.735736 -3.67868 -3.68441 4.98137 0.213634 1.34813
-0.733734 -3.66867 -3.67444 4.98184 0.250738 1.34077
-0.731732 -3.65866 -3.66446 4.98237 0.286923 1.33342
-0.72973 -3.64865 -3.65449 4.98298 0.322186 1.32609
-0.727728 -3.63864 -3.64451 4.98366 0.356525 1.31879
-0.725726 -3.62863 -3.63453 4.98441 0.389936 1.3115
-0.723724 -3.61862 -3.62455 4.98522 0.422418 1.30423
-0.721722 -3.60861 -3.61457 4.9861 0.453969 1.29699
-0.71972 -3.5986 -3.60459 4.98704 0.484586 1.28976
-0.717718 -3.58859 -3.5946 4.98804 0.514269 1.28255
-0.715716 -3.57858 -3.58462 4.9891 0.543016 1.27537
-0.713714 -3.56857 -3.57463 4.99021 0.570825 1.2682
-0.711712 -3.55856 -3.56463 4.99138 0.597695 1.26106
-0.70971 -3.54855 -3.55464 4.99261 0.623624 1.25393
-0.707708 -3.53854 -3.54464 4.99388 0.648612 1.24682
-0.705706 -3.52853 -3.53465 4.9952 0.672657 1.23974
-0.703704 -3.51852 -3.52464 4.99657 0.695756 1.23267
-0.701702 -3.50851 -3.51464 4.99799 0.71791 1.22562
-0.6997 -3.4985 -3.50463 4.99945 0.739117 1.2186
-0.697698 -3.48849 -3.49462 5.00095 0.759374 1.21159
-0.695696 -3.47848 -3.48461 5.00249 0.778681 1.20461
-0.693694 -3.46847 -3.47459 5.00406 0.797036 1.19764
-0.691692 -3.45846 -3.46457 5.00568 0.814438 1.19069
-0.68969 -3.44845 -3.45455 5.00732 0.830884 1.18377
-0.687688 -3.43844 -3.44452 5.009 0.846374 1.17686
-0.685686 -3.42843 -3.43449 5.01071 0.860906 1.16997
-0.683684 -3.41842 -3.42446 5.01245 0.874478 1.16311
-0.681682 -3.40841 -3.41442 5.01421 0.88709 1.15626
-0.67968 -3.3984 -3.40438 5.016 0.898739 1.14944
-0.677678 -3.38839 -3.39434 5.01781 0.909426 1.14263
-0.675676 -3.37838 -3.38429 5.01964 0.919148 1.13585
-0.673674 -3.36837 -3.37424 5.02149 0.927906 1.12908
-0.671672 -3.35836 -3.36418 5.02336 0.935698 1.12234
-0.66967 -3.34835 -3.35413 5.02524 0.942524 1.11561
-0.667668 -3.33834 -3.34406 5.02713 0.948385 1.10891
-0.665666 -3.32833 -3.334 5.02903 0.95328 1.10222
-0.663664 -3.31832 -3.32393 5.03095 0.95721 1.09556
-0.661662 -3.30831 -3.31385 5.03287 0.960175 1.08891
-0.65966 -3.2983 -3.30378 5.03479 0.962178 1.08229
-0.657658 -3.28829 -3.29369 5.03672 0.96322 1.07568
-0.655656 -3.27828 -3.28361 5.03865 0.963303 1.0691
-0.653654 -3.26827 -3.27352 5.04057 0.962429 1.06254
-0.651652 -3.25826 -3.26343 5.0425 0.960602 1.05599
-0.64965 -3.24825 -3.25333 5.04442 0.957826 1.04947
-0.647648 -3.23824 -3.24323 5.04633 0.954103 1.04297
-0.645646 -3.22823 -3.23312 5.04824 0.949441 1.03648
-0.643644 -3.21822 -3.22302 5.05013 0.943842 1.03002
-0.641642 -3.20821 -3.2129 5.05202 0.937315 1.02358
-0.63964 -3.1982 -3.20279 5.05389 0.929865 1.01716
-0.637638 -3.18819 -3.19267 5.05574 0.9215 1.01076
-0.635636 -3.17818 -3.18254 5.05758 0.912227 1.00437
-0.633634 -3.16817 -3.17242 5.05939 0.902056 0.998012
-0.631632 -3.15816 -3.16229 5.06119 0.890996 0.991671
-0.62963 -3.14815 -3.15215 5.06296 0.879057 0.98535
-0.627628 -3.13814 -3.14201 5.06471 0.866251 0.97905
-0.625626 -3.12813 -3.13187 5.06643 0.852589 0.97277
-0.623624 -3.11812 -3.12173 5.06812 0.838084 0.96651
-0.621622 -3.10811 -3.11158 5.06978 0.822749 0.96027
-0.61962 -3.0981 -3.10143 5.07141 0.806598 0.954051
-0.617618 -3.08809 -3.09127 5.07301 0.789647 0.947852
-0.615616 -3.07808 -3.08112 5.07457 0.771912 0.941674
-0.613614 -3.06807 -3.07096 5.0761 0.753408 0.935515
-0.611612 -3.05806 -3.06079 5.07759 0.734155 0.929377
-0.60961 -3.04805 -3.05062 5.07904 0.714169 0.92326
-0.607608 -3.03804 -3.04045 5.08045 0.693471 0.917163
-0.605606 -3.02803 -3.03028 5.08182 0.67208 0.911086
-0.603604 -3.01802 -3.02011 5.08314 0.650017 0.90503
-0.601602 -3.00801 -3.00993 5.08442 0.627305 0.898993
-0.5996 -2.998 -2.99975 5.08565 0.603964 0.892978
-0.597598 -2.98799 -2.98957 5.08684 0.580019 0.886982
-0.595596 -2.97798 -2.97938 5.08797 0.555494 0.881008
-0.593594 -2.96797 -2.96919 5.08906 0.530414 0.875053
-0.591592 -2.95796 -2.959 5.0901 0.504803 0.869119
-0.58959 -2.94795 -2.94881 5.09108 0.478689 0.863205
-0.587588 -2.93794 -2.93862 5.09201 0.452098 0.857312
-0.585586 -2.92793 -2.92843 5.09289 0.425057 0.851439
-0.583584 -2.91792 -2.91823 5.09372 0.397596 0.845586
-0.581582 -2.90791 -2.90803 5.09448 0.369743 0.839754
-0.57958 -2.8979 -2.89783 5.0952 0.341528 0.833943
-0.577578 -2.88789 -2.88763 5.09585 0.31298 0.828151
-0.575576 -2.87788 -2.87743 5.09645 0.284131 0.822381
-0.573574 -2.86787 -2.86722 5.09699 0.255011 0.81663
-0.571572 -2.85786 -2.85702 5.09747 0.225653 0.8109
-0.56957 -2.84785 -2.84681 5.09789 0.196087 0.805191
-0.567568 -2.83784 -2.83661 5.09825 0.166347 0.799502
-0.565566 -2.82783 -2.8264 5.09856 0.136466 0.793833
-0.563564 -2.81782 -2.81619 5.0988 0.106476 0.788185
-0.561562 -2.80781 -2.80598 5.09898 0.0764117 0.782557
-0.55956 -2.7978 -2.79578 5.09911 0.0463059 0.776949
-0.557558 -2.78779 -2.78557 5.09917 0.0161926 0.771363
-0.555556 -2.77778 -2.77536 5.09917 -0.013894 0.765796
-0.553554 -2.76777 -2.76515 5.09911 -0.0439198 0.76025
-0.551552 -2.75776 -2.75494 5.099 -0.0738505 0.754724
-0.54955 -2.74775 -2.74473 5.09882 -0.103652 0.749219
-0.547548 -2.73774 -2.73453 5.09858 -0.13329 0.743734
-0.545546 -2.72773 -2.72432 5.09828 -0.162731 0.73827
-0.543544 -2.71772 -2.71411 5.09793 -0.191939 0.732826
-0.541542 -2.70771 -2.70391 5.09752 -0.220883 0.727403
-0.53954 -2.6977 -2.6937 5.09705 -0.249527 0.722
-0.537538 -2.68769 -2.6835 5.09652 -0.277839 0.716617
-0.535536 -2.67768 -2.6733 5.09593 -0.305785 0.711255
-0.533534 -2.66767 -2.66309 5.09529 -0.333332 0.705913
-0.531532 -2.65766 -2.65289 5.0946 -0.36045 0.700592
-0.52953 -2.64765 -2.64269 5.09385 -0.387104 0.695291
-0.527528 -2.63764 -2.6325 5.09305 -0.413265 0.690011
-0.525526 -2.62763 -2.6223 5.0922 -0.438901 0.684751
-0.523524 -2.61762 -2.61211 5.09129 -0.463983 0.679511
-0.521522 -2.60761 -2.60192 5.09034 -0.48848 0.674292
-0.51952 -2.5976 -2.59173 5.08934 -0.512364 0.669093
-0.517518 -2.58759 -2.58154 5.08829 -0.535606 0.663914
-0.515516 -2.57758 -2.57135 5.08719 -0.55818 0.658756
-0.513514 -2.56757 -2.56117 5.08605 -0.580058 0.653619
-0.511512 -2.55756 -2.55099 5.08487 -0.601216 0.648501
-0.50951 -2.54755 -2.54081 5.08365 -0.621628 0.643405
-0.507508 -2.53754 -2.53063 5.08238 -0.64127 0.638328
-0.505506 -2.52753 -2.52046 5.08108 -0.66012 0.633272
-0.503504 -2.51752 -2.51029 5.07974 -0.678155 0.628236
-0.501502 -2.50751 -2.50012 5.07836 -0.695356 0.623221
-0.499499 -2.4975 -2.48996 5.07696 -0.711702 0.618226
-0.497497 -2.48749 -2.47979 5.07552 -0.727175 0.613251
-0.495495 -2.47748 -2.46963 5.07404 -0.741757 0.608296
-0.493493 -2.46747 -2.45948 5.07255 -0.755433 0.603362
-0.491491 -2.45746 -2.44932 5.07102 -0.768187 0.598449
-0.489489 -2.44745 -2.43917 5.06947 -0.780006 0.593555
-0.487487 -2.43744 -2.42902 5.0679 -0.790877 0.588682
-0.485485 -2.42743 -2.41888 5.0663 -0.800789 0.58383
-0.483483 -2.41742 -2.40874 5.06469 -0.809732 0.578997
-0.481481 -2.40741 -2.3986 5.06306 -0.817698 0.574185
-0.479479 -2.3974 -2.38847 5.06142 -0.82468 0.569393
-0.477477 -2.38739 -2.37834 5.05976 -0.830672 0.564621
-0.475475 -2.37738 -2.36821 5.05809 -0.835669 0.55987
-0.473473 -2.36737 -2.35808 5.05642 -0.839668 0.555139
-0.471471 -2.35736 -2.34796 5.05473 -0.842668 0.550428
-0.469469 -2.34735 -2.33784 5.05304 -0.844669 0.545738
-0.467467 -2.33734 -2.32773 5.05135 -0.845672 0.541068
-0.465465 -2.32733 -2.31762 5.04966 -0.84568 0.536418
-0.463463 -2.31732 -2.30751 5.04797 -0.844695 0.531788
-0.461461 -2.30731 -2.29741 5.04628 -0.842726 0.527178
-0.459459 -2.2973 -2.2873 5.04459 -0.839777 0.522589
-0.457457 -2.28729 -2.27721 5.04291 -0.835857 0.51802
-0.455455 -2.27728 -2.26711 5.04125 -0.830976 0.513471
-0.453453 -2.26727 -2.25702 5.03959 -0.825145 0.508942
-0.451451 -2.25726 -2.24693 5.03794 -0.818376 0.504434
-0.449449 -2.24725 -2.23685 5.03631 -0.810684 0.499946
-0.447447 -2.23724 -2.22677 5.0347 -0.802082 0.495478
-0.445445 -2.22723 -2.21669 5.0331 -0.792588 0.49103
-0.443443 -2.21722 -2.20662 5.03152 -0.78222 0.486602
-0.441441 -2.20721 -2.19654 5.02997 -0.770996 0.482194
-0.439439 -2.1972 -2.18648 5.02844 -0.758936 0.477807
-0.437437 -2.18719 -2.17641 5.02693 -0.746062 0.47344
-0.435435 -2.17718 -2.16635 5.02545 -0.732397 0.469093
-0.433433 -2.16717 -2.15629 5.024 -0.717964 0.464766
-0.431431 -2.15716 -2.14623 5.02258 -0.702787 0.460459
-0.429429 -2.14715 -2.13618 5.02119 -0.686894 0.456172
-0.427427 -2.13714 -2.12613 5.01983 -0.670311 0.451906
-0.425425 -2.12713 -2.11608 5.0185 -0.653065 0.447659
-0.423423 -2.11712 -2.10603 5.01721 -0.635186 0.443433
-0.421421 -2.10711 -2.09599 5.01596 -0.616704 0.439227
-0.419419 -2.0971 -2.08595 5.01474 -0.597649 0.43504
-0.417417 -2.08709 -2.07591 5.01357 -0.578053 0.430874
-0.415415 -2.07708 -2.06588 5.01243 -0.557948 0.426729
-0.413413 -2.06707 -2.05584 5.01133 -0.537366 0.422603
-0.411411 -2.05706 -2.04581 5.01028 -0.516342 0.418497
-0.409409 -2.04705 -2.03578 5.00927 -0.49491 0.414411
-0.407407 -2.03704 -2.02575 5.0083 -0.473105 0.410346
-0.405405 -2.02703 -2.01573 5.00737 -0.450962 0.4063
-0.403403 -2.01702 -2.0057 5.00649 -0.428516 0.402275
-0.401401 -2.00701 -1.99568 5.00566 -0.405805 0.398269
-0.399399 -1.997 -1.98566 5.00487 -0.382864 0.394284
-0.397397 -1.98699 -1.97564 5.00412 -0.35973 0.390319
-0.395395 -1.97698 -1.96562 5.00343 -0.336441 0.386373
-0.393393 -1.96697 -1.95561 5.00278 -0.313033 0.382448
-0.391391 -1.95696 -1.94559 5.00217 -0.289544 0.378543
-0.389389 -1.94695 -1.93558 5.00162 -0.266012 0.374658
-0.387387 -1.93694 -1.92557 5.00111 -0.242473 0.370793
-0.385385 -1.92693 -1.91555 5.00065 -0.218966 0.366948
-0.383383 -1.91692 -1.90554 5.00023 -0.195526 0.363123
-0.381381 -1.90691 -1.89553 4.99986 -0.172192 0.359318
-0.379379 -1.8969 -1.88552 4.99954 -0.149 0.355534
-0.377377 -1.88689 -1.87552 4.99927 -0.125987 0.351769
-0.375375 -1.87688 -1.86551 4.99904 -0.103188 0.348024
-0.373373 -1.86687 -1.8555 4.99885 -0.0806398 0.344299
-0.371371 -1.85686 -1.84549 4.99871 -0.0583773 0.340595
-0.369369 -1.84685 -1.83548 4.99862 -0.0364352 0.33691
-0.367367 -1.83684 -1.82548 4.99857 -0.0148478 0.333245
-0.365365 -1.82683 -1.81547 4.99856 0.00635138 0.329601
-0.363363 -1.81682 -1.80546 4.99859 0.0271295 0.325976
-0.361361 -1.80681 -1.79546 4.99867 0.0474543 0.322372
-0.359359 -1.7968 -1.78545 4.99878 0.0672946 0.318787
-0.357357 -1.78679 -1.77544 4.99894 0.0866197 0.315223
-0.355355 -1.77678 -1.76543 4.99913 0.1054 0.311678
-0.353353 -1.76677 -1.75542 4.99936 0.123607 0.308154
-0.351351 -1.75676 -1.74541 4.99962 0.141212 0.304649
-0.349349 -1.74675 -1.7354 4.99992 0.158189 0.301165
-0.347347 -1.73674 -1.72539 5.00026 0.174513 0.297701
-0.345345 -1.72673 -1.71538 5.00062 0.190158 0.294257
-0.343343 -1.71672 -1.70537 5.00102 0.2051 0.290833
-0.341341 -1.70671 -1.69536 5.00144 0.219319 0.287428
-0.339339 -1.6967 -1.68535 5.00189 0.232792 0.284044
-0.337337 -1.68669 -1.67533 5.00237 0.245499 0.28068
-0.335335 -1.67668 -1.66532 5.00288 0.257423 0.277336
-0.333333 -1.66667 -1.6553 5.0034 0.268544 0.274012
-0.331331 -1.65666 -1.64528 5.00395 0.278848 0.270708
-0.329329 -1.64665 -1.63526 5.00452 0.28832 0.267425
-0.327327 -1.63664 -1.62525 5.00511 0.296945 0.264161
-0.325325 -1.62663 -1.61522 5.00571 0.304713 0.260917
-0.323323 -1.61662 -1.6052 5.00633 0.311612 0.257693
-0.321321 -1.60661 -1.59518 5.00696 0.317633 0.25449
-0.319319 -1.5966 -1.58515 5.0076 0.322768 0.251306
-0.317317 -1.58659 -1.57513 5.00825 0.32701 0.248143
-0.315315 -1.57658 -1.5651 5.00891 0.330356 0.245
-0.313313 -1.56657 -1.55507 5.00957 0.332801 0.241876
-0.311311 -1.55656 -1.54504 5.01024 0.334342 0.238773
-0.309309 -1.54655 -1.53501 5.01091 0.33498 0.23569
-0.307307 -1.53654 -1.52498 5.01158 0.334714 0.232627
-0.305305 -1.52653 -1.51495 5.01225 0.333548 0.229584
-0.303303 -1.51652 -1.50491 5.01291 0.331484 0.226561
-0.301301 -1.50651 -1.49487 5.01357 0.328528 0.223558
-0.299299 -1.4965 -1.48484 5.01423 0.324685 0.220576
-0.297297 -1.48649 -1.4748 5.01487 0.319964 0.217613
-0.295295 -1.47648 -1.46476 5.01551 0.314374 0.21467
-0.293293 -1.46647 -1.45471 5.01613 0.307925 0.211748
-0.291291 -1.45646 -1.44467 5.01674 0.300629 0.208846
-0.289289 -1.44645 -1.43463 5.01733 0.292499 0.205964
-0.287287 -1.43644 -1.42458 5.01791 0.283549 0.203101
-0.285285 -1.42643 -1.41454 5.01847 0.273796 0.20026
-0.283283 -1.41642 -1.40449 5.01901 0.263255 0.197438
-0.281281 -1.40641 -1.39444 5.01952 0.251946 0.194636
-0.279279 -1.3964 -1.38439 5.02002 0.239887 0.191854
-0.277277 -1.38639 -1.37434 5.02048 0.227099 0.189093
-0.275275 -1.37638 -1.36429 5.02092 0.213603 0.186351
-0.273273 -1.36637 -1.35424 5.02134 0.199422 0.18363
-0.271271 -1.35636 -1.34418 5.02172 0.184579 0.180929
-0.269269 -1.34635 -1.33413 5.02208 0.1691 0.178248
-0.267267 -1.33634 -1.32407 5.0224 0.153009 0.175587
-0.265265 -1.32633 -1.31402 5.02269 0.136333 0.172947
-0.263263 -1.31632 -1.30396 5.02294 0.1191 0.170326
-0.261261 -1.30631 -1.29391 5.02317 0.101337 0.167725
-0.259259 -1.2963 -1.28385 5.02335 0.0830743 0.165145
-0.257257 -1.28629 -1.27379 5.0235 0.0643403 0.162585
-0.255255 -1.27628 -1.26374 5.02361 0.0451658 0.160045
-0.253253 -1.26627 -1.25368 5.02368 0.0255818 0.157525
-0.251251 -1.25626 -1.24362 5.02371 0.00561979 0.155025
-0.249249 -1.24625 -1.23356 5.0237 -0.014688 0.152545
-0.247247 -1.23624 -1.22351 5.02365 -0.0353091 0.150086
-0.245245 -1.22623 -1.21345 5.02356 -0.0562104 0.147646
-0.243243 -1.21622 -1.20339 5.02342 -0.0773586 0.145227
-0.241241 -1.20621 -1.19334 5.02325 -0.0987199 0.142828
-0.239239 -1.1962 -1.18328 5.02303 -0.12026 0.140449
-0.237237 -1.18619 -1.17322 5.02277 -0.141945 0.13809
-0.235235 -1.17618 -1.16317 5.02246 -0.163741 0.135752
-0.233233 -1.16617 -1.15311 5.02211 -0.185612 0.133433
-0.231231 -1.15616 -1.14306 5.02172 -0.207525 0.131134
-0.229229 -1.14615 -1.13301 5.02128 -0.229444 0.128856
-0.227227 -1.13614 -1.12295 5.0208 -0.251335 0.126598
-0.225225 -1.12613 -1.1129 5.02027 -0.273164 0.12436
-0.223223 -1.11612 -1.10285 5.01971 -0.294895 0.122142
-0.221221 -1.10611 -1.0928 5.01909 -0.316495 0.119944
-0.219219 -1.0961 -1.08276 5.01844 -0.33793 0.117766
-0.217217 -1.08609 -1.07271 5.01774 -0.359165 0.115609
-0.215215 -1.07608 -1.06267 5.017 -0.380168 0.113471
-0.213213 -1.06607 -1.05262 5.01622 -0.400905 0.111354
-0.211211 -1.05606 -1.04258 5.0154 -0.421344 0.109256
-0.209209 -1.04605 -1.03254 5.01453 -0.441453 0.107179
-0.207207 -1.03604 -1.0225 5.01363 -0.461199 0.105122
-0.205205 -1.02603 -1.01247 5.01269 -0.480552 0.103085
-0.203203 -1.01602 -1.00243 5.0117 -0.499481 0.101068
-0.201201 -1.00601 -0.9924 5.01069 -0.517957 0.0990713
-0.199199 -0.995996 -0.982369 5.00963 -0.535949 0.0970946
-0.197197 -0.985986 -0.972341 5.00854 -0.55343 0.0951379
-0.195195 -0.975976 -0.962315 5.00742 -0.570371 0.0932013
-0.193193 -0.965966 -0.952291 5.00626 -0.586745 0.0912848
-0.191191 -0.955956 -0.94227 5.00507 -0.602527 0.0893883
-0.189189 -0.945946 -0.932251 5.00384 -0.617691 0.0875119
-0.187187 -0.935936 -0.922235 5.00259 -0.632212 0.0856556
-0.185185 -0.925926 -0.912221 5.00131 -0.646067 0.0838193
-0.183183 -0.915916 -0.902209 5.00001 -0.659233 0.0820031
-0.181181 -0.905906 -0.892201 4.99867 -0.671689 0.0802069
-0.179179 -0.895896 -0.882195 4.99732 -0.683413 0.0784307
-0.177177 -0.885886 -0.872191 4.99594 -0.694386 0.0766745
-0.175175 -0.875876 -0.862191 4.99454 -0.704589 0.0749384
-0.173173 -0.865866 -0.852193 4.99312 -0.714005 0.0732223
-0.171171 -0.855856 -0.842199 4.99168 -0.722617 0.0715262
-0.169169 -0.845846 -0.832207 4.99023 -0.730409 0.0698502
-0.167167 -0.835836 -0.822218 4.98876 -0.737368 0.0681941
-0.165165 -0.825826 -0.812232 4.98727 -0.74348 0.066558
-0.163163 -0.815816 -0.802249 4.98578 -0.748732 0.0649419
-0.161161 -0.805806 -0.792269 4.98428 -0.753113 0.0633458
-0.159159 -0.795796 -0.782292 4.98276 -0.756615 0.0617696
-0.157157 -0.785786 -0.772318 4.98125 -0.759228 0.0602135
-0.155155 -0.775776 -0.762347 4.97973 -0.760944 0.0586773
-0.153153 -0.765766 -0.752379 4.9782 -0.761757 0.057161
-0.151151 -0.755756 -0.742414 4.97668 -0.761662 0.0556648
-0.149149 -0.745746 -0.732452 4.97515 -0.760654 0.0541884
-0.147147 -0.735736 -0.722493 4.97363 -0.758731 0.052732
-0.145145 -0.725726 -0.712538 4.97211 -0.755891 0.0512955
-0.143143 -0.715716 -0.702585 4.9706 -0.752133 0.049879
-0.141141 -0.705706 -0.692635 4.9691 -0.747457 0.0484824
-0.139139 -0.695696 -0.682689 4.96761 -0.741866 0.0471057
-0.137137 -0.685686 -0.672745 4.96613 -0.735361 0.0457489
-0.135135 -0.675676 -0.662804 4.96467 -0.727948 0.044412
-0.133133 -0.665666 -0.652866 4.96322 -0.71963 0.043095
-0.131131 -0.655656 -0.642932 4.96179 -0.710414 0.0417979
-0.129129 -0.645646 -0.632999 4.96038 -0.700306 0.0405207
-0.127127 -0.635636 -0.62307 4.95898 -0.689316 0.0392634
-0.125125 -0.625626 -0.613144 4.95762 -0.677451 0.0380259
-0.123123 -0.615616 -0.60322 4.95627 -0.664724 0.0368084
-0.121121 -0.605606 -0.593299 4.95496 -0.651143 0.0356106
-0.119119 -0.595596 -0.58338 4.95367 -0.636723 0.0344328
-0.117117 -0.585586 -0.573464 4.95241 -0.621475 0.0332748
-0.115115 -0.575576 -0.563551 4.95118 -0.605414 0.0321366
-0.113113 -0.565566 -0.55364 4.94998 -0.588555 0.0310183
-0.111111 -0.555556 -0.543731 4.94882 -0.570915 0.0299199
-0.109109 -0.545546 -0.533824 4.9477 -0.552508 0.0288412
-0.107107 -0.535536 -0.52392 4.94661 -0.533354 0.0277824
-0.105105 -0.525526 -0.514018 4.94556 -0.513471 0.0267434
-0.103103 -0.515516 -0.504118 4.94455 -0.492877 0.0257243
-0.101101 -0.505506 -0.49422 4.94359 -0.471593 0.024725
-0.0990991 -0.495495 -0.484324 4.94267 -0.449639 0.0237454
-0.0970971 -0.485485 -0.47443 4.94179 -0.427037 0.0227857
-0.0950951 -0.475475 -0.464537 4.94096 -0.403808 0.0218458
-0.0930931 -0.465465 -0.454646 4.94017 -0.379976 0.0209257
-0.0910911 -0.455455 -0.444756 4.93944 -0.355563 0.0200254
-0.0890891 -0.445445 -0.434868 4.93875 -0.330594 0.0191449
-0.0870871 -0.435435 -0.424982 4.93811 -0.305092 0.0182842
-0.0850851 -0.425425 -0.415096 4.93753 -0.279083 0.0174433
-0.0830831 -0.415415 -0.405212 4.937 -0.252591 0.0166221
-0.0810811 -0.405405 -0.395328 4.93652 -0.225643 0.0158208
-0.0790791 -0.395395 -0.385446 4.93609 -0.198265 0.0150392
-0.0770771 -0.385385 -0.375564 4.93572 -0.170483 0.0142775
-0.0750751 -0.375375 -0.365683 4.93541 -0.142324 0.0135355
-0.0730731 -0.365365 -0.355803 4.93515 -0.113816 0.0128133
-0.0710711 -0.355355 -0.345923 4.93496 -0.084985 0.0121108
-0.0690691 -0.345345 -0.336043 4.93481 -0.0558599 0.0114282
-0.0670671 -0.335335 -0.326164 4.93473 -0.0264683 0.0107653
-0.0650651 -0.325325 -0.316284 4.93471 0.00316174 0.0101222
-0.0630631 -0.315315 -0.306405 4.93474 0.0330019 0.00949893
-0.0610611 -0.305305 -0.296526 4.93484 0.0630238 0.00889539
-0.0590591 -0.295295 -0.286646 4.935 0.0931989 0.00831164
-0.0570571 -0.285285 -0.276766 4.93521 0.123499 0.00774766
-0.0550551 -0.275275 -0.266885 4.93549 0.153895 0.00720347
-0.0530531 -0.265265 -0.257004 4.93583 0.184359 0.00667905
-0.0510511 -0.255255 -0.247122 4.93623 0.214862 0.00617442
-0.049049 -0.245245 -0.237239 4.93669 0.245375 0.00568957
-0.047047 -0.235235 -0.227356 4.93721 0.275871 0.00522451
-0.045045 -0.225225 -0.217471 4.93779 0.306321 0.00477924
-0.043043 -0.215215 -0.207585 4.93844 0.336697 0.00435376
-0.041041 -0.205205 -0.197697 4.93914 0.366972 0.00394807
-0.039039 -0.195195 -0.187808 4.93991 0.397117 0.00356218
-0.037037 -0.185185 -0.177918 4.94073 0.427104 0.00319609
-0.035035 -0.175175 -0.168025 4.94162 0.456908 0.0028498
-0.033033 -0.165165 -0.158131 4.94256 0.486501 0.00252332
-0.031031 -0.155155 -0.148235 4.94357 0.515855 0.00221664
-0.029029 -0.145145 -0.138337 4.94463 0.544946 0.00192978
-0.027027 -0.135135 -0.128437 4.94575 0.573747 0.00166274
-0.025025 -0.125125 -0.118534 4.94692 0.602232 0.00141552
-0.023023 -0.115115 -0.108629 4.94816 0.630377 0.00118813
-0.021021 -0.105105 -0.098722 4.94945 0.658156 0.00098057
-0.019019 -0.0950951 -0.0888118 4.95079 0.685545 0.000792848
-0.017017 -0.0850851 -0.078899 4.95219 0.712521 0.000624969
-0.015015 -0.0750751 -0.0689832 4.95365 0.739059 0.000476938
-0.013013 -0.0650651 -0.0590645 4.95515 0.765138 0.000348762
-0.011011 -0.0550551 -0.0491427 4.95671 0.790735 0.000240446
-0.00900901 -0.045045 -0.0392178 4.95832 0.815827 0.000151996
-0.00700701 -0.035035 -0.0292896 4.95998 0.840393 8.342e-05
-0.00500501 -0.025025 -0.019358 4.96168 0.864414 3.47232e-05
-0.003003 -0.015015 -0.00942294 4.96344 0.887867 5.91287e-06
-0.001001 -0.00500501 0.000515665 4.96524 0.910735 -3.00392e-06
0.001001 0.00500501 0.0104579 4.96708 0.932997 7.98003e-06
0.003003 0.015015 0.0204039 4.96897 0.954636 3.88721e-05
0.00500501 0.025025 0.0303537 4.9709 0.975633 8.96799e-05
0.00700701 0.035035 0.0403075 4.97288 0.995971 0.000160411
0.00900901 0.045045 0.0502652 4.97489 1.01563 0.000251074
0.011011 0.0550551 0.060227 4.97694 1.03461 0.000361676
0.013013 0.0650651 0.0701929 4.97903 1.05287 0.000492226
0.015015 0.0750751 0.0801631 4.98116 1.07041 0.000642731
0.017017 0.0850851 0.0901375 4.98332 1.08722 0.000813202
0.019019 0.0950951 0.100116 4.98551 1.10328 0.00100365
0.021021 0.105105 0.1101 4.98774 1.11858 0.00121407
0.023023 0.115115 0.120087 4.98999 1.13311 0.00144449
0.025025 0.125125 0.13008 4.99227 1.14685 0.0016949
0.027027 0.135135 0.140076 4.99458 1.15979 0.00196533
0.029029 0.145145 0.150078 4.99692 1.17194 0.00225577
0.031031 0.155155 0.160084 4.99927 1.18326 0.00256624
0.033033 0.165165 0.170095 5.00165 1.19377 0.00289675
0.035035 0.175175 0.180111 5.00405 1.20344 0.00324731
0.037037 0.185185 0.190131 5.00647 1.21227 0.00361792
0.039039 0.195195 0.200157 5.00891 1.22026 0.0040086
0.041041 0.205205 0.210187 5.01136 1.2274 0.00441935
0.043043 0.215215 0.220222 5.01382 1.23368 0.00485019
0.045045 0.225225 0.230262 5.0163 1.23911 0.00530113
0.047047 0.235235 0.240307 5.01878 1.24367 0.00577217
0.049049 0.245245 0.250358 5.02128 1.24736 0.00626332
0.0510511 0.255255 0.260413 5.02378 1.25018 0.0067746
0.0530531 0.265265 0.270473 5.02628 1.25213 0.00730602
0.0550551 0.275275 0.280538 5.02879 1.2532 0.00785758
0.0570571 0.285285 0.290608 5.0313 1.25341 0.0084293
0.0590591 0.295295 0.300683 5.03381 1.25274 0.00902118
0.0610611 0.305305 0.310763 5.03631 1.25119 0.00963324
0.0630631 0.315315 0.320849 5.03882 1.24878 0.0102655
0.0650651 0.325325 0.330939 5.04131 1.24549 0.0109179
0.0670671 0.335335 0.341034 5.0438 1.24134 0.0115906
0.0690691 0.345345 0.351134 5.04628 1.23632 0.0122834
0.0710711 0.355355 0.361239 5.04875 1.23044 0.0129965
0.0730731 0.365365 0.371349 5.05121 1.22371 0.0137298
0.0750751 0.375375 0.381464 5.05365 1.21612 0.0144834
0.0770771 0.385385 0.391584 5.05608 1.20769 0.0152572
0.0790791 0.395395 0.401709 5.05849 1.19841 0.0160513
0.0810811 0.405405 0.411838 5.06087 1.18831 0.0168657
0.0830831 0.415415 0.421973 5.06324 1.17737 0.0177003
0.0850851 0.425425 0.432112 5.06559 1.16562 0.0185553
0.0870871 0.435435 0.442255 5.06791 1.15306 0.0194305
0.0890891 0.445445 0.452404 5.0702 1.13969 0.020326
0.0910911 0.455455 0.462556 5.07247 1.12553 0.0212419
0.0930931 0.465465 0.472714 5.07471 1.11058 0.0221781
0.0950951 0.475475 0.482876 5.07692 1.09486 0.0231347
0.0970971 0.485485 0.493042 5.07909 1.07838 0.0241116
0.0990991 0.495495 0.503212 5.08124 1.06114 0.0251088
0.101101 0.505506 0.513387 5.08334 1.04316 0.0261264
0.103103 0.515516 0.523566 5.08541 1.02445 0.0271644
0.105105 0.525526 0.533749 5.08744 1.00503 0.0282228
0.107107 0.535536 0.543936 5.08944 0.984894 0.0293016
0.109109 0.545546 0.554127 5.09139 0.964068 0.0304007
0.111111 0.555556 0.564322 5.0933 0.942563 0.0315203
0.113113 0.565566 0.574521 5.09516 0.920392 0.0326603
0.115115 0.575576 0.584723 5.09698 0.897569 0.0338207
0.117117 0.585586 0.594929 5.09875 0.874108 0.0350015
0.119119 0.595596 0.605138 5.10048 0.850024 0.0362028
0.121121 0.605606 0.615351 5.10216 0.825331 0.0374245
0.123123 0.615616 0.625567 5.10378 0.800045 0.0386666
0.125125 0.625626 0.635787 5.10536 0.774181 0.0399293
0.127127 0.635636 0.646009 5.10688 0.747755 0.0412123
0.129129 0.645646 0.656235 5.10835 0.720784 0.0425159
0.131131 0.655656 0.666463 5.10977 0.693282 0.0438399
0.133133 0.665666 0.676694 5.11113 0.665267 0.0451844
0.135135 0.675676 0.686928 5.11243 0.636755 0.0465494
0.137137 0.685686 0.697164 5.11368 0.607764 0.0479349
0.139139 0.695696 0.707403 5.11487 0.57831 0.0493408
0.141141 0.705706 0.717644 5.11599 0.548411 0.0507673
0.143143 0.715716 0.727888 5.11706 0.518083 0.0522143
0.145145 0.725726 0.738133 5.11807 0.487345 0.0536818
0.147147 0.735736 0.74838 5.11901 0.456215 0.0551698
0.149149 0.745746 0.75863 5.11989 0.42471 0.0566783
0.151151 0.755756 0.76888 5.12071 0.392849 0.0582073
0.153153 0.765766 0.779133 5.12147 0.360649 0.0597569
0.155155 0.775776 0.789387 5.12216 0.328129 0.061327
0.157157 0.785786 0.799642 5.12278 0.295308 0.0629176
0.159159 0.795796 0.809898 5.12334 0.262203 0.0645288
0.161161 0.805806 0.820156 5.12383 0.228833 0.0661605
0.163163 0.815816 0.830414 5.12426 0.195218 0.0678127
0.165165 0.825826 0.840673 5.12461 0.161374 0.0694854
0.167167 0.835836 0.850933 5.1249 0.127322 0.0711787
0.169169 0.845846 0.861193 5.12512 0.0930804 0.0728926
0.171171 0.855856 0.871454 5.12527 0.0586672 0.074627
0.173173 0.865866 0.881715 5.12536 0.0241015 0.0763819
0.175175 0.875876 0.891976 5.12537 -0.0105979 0.0781573
0.177177 0.885886 0.902237 5.12531 -0.0454122 0.0799534
0.179179 0.895896 0.912498 5.12519 -0.0803226 0.0817699
0.181181 0.905906 0.922758 5.12499 -0.11531 0.083607
0.183183 0.915916 0.933018 5.12473 -0.150357 0.0854646
0.185185 0.925926 0.943277 5.12439 -0.185443 0.0873428
0.187187 0.935936 0.953536 5.12398 -0.220551 0.0892415
0.189189 0.945946 0.963794 5.12351 -0.255661 0.0911608
0.191191 0.955956 0.974051 5.12296 -0.290756 0.0931006
0.193193 0.965966 0.984306 5.12234 -0.325816 0.0950609
0.195195 0.975976 0.99456 5.12166 -0.360824 0.0970417
0.197197 0.985986 1.00481 5.1209 -0.395761 0.0990431
0.199199 0.995996 1.01506 5.12007 -0.430609 0.101065
0.201201 1.00601 1.02531 5.11917 -0.46535 0.103107
0.203203 1.01602 1.03556 5.11821 -0.499966 0.10517
0.205205 1.02603 1.04581 5.11717 -0.534438 0.107254
0.207207 1.03604 1.05605 5.11607 -0.56875 0.109358
0.209209 1.04605 1.06629 5.1149 -0.602884 0.111482
0.211211 1.05606 1.07653 5.11365 -0.636823 0.113627
0.213213 1.06607 1.08677 5.11235 -0.670548 0.115793
0.215215 1.07608 1.097 5.11097 -0.704043 0.117979
0.217217 1.08609 1.10723 5.10953 -0.737291 0.120185
0.219219 1.0961 1.11746 5.10802 -0.770275 0.122412
0.221221 1.10611 1.12768 5.10644 -0.802978 0.124659
0.223223 1.11612 1.13791 5.1048 -0.835385 0.126927
0.225225 1.12613 1.14812 5.1031 -0.867478 0.129216
0.227227 1.13614 1.15834 5.10133 -0.899241 0.131524
0.229229 1.14615 1.16855 5.0995 -0.930659 0.133854
0.231231 1.15616 1.17876 5.0976 -0.961716 0.136203
0.233233 1.16617 1.18896 5.09565 -0.992397 0.138573
0.235235 1.17618 1.19916 5.09363 -1.02269 0.140964
0.237237 1.18619 1.20935 5.09155 -1.05257 0.143375
0.239239 1.1962 1.21955 5.08942 -1.08203 0.145806
0.241241 1.20621 1.22973 5.08722 -1.11105 0.148258
0.243243 1.21622 1.23992 5.08497 -1.13962 0.15073
0.245245 1.22623 1.25009 5.08266 -1.16773 0.153222
0.247247 1.23624 1.26027 5.08029 -1.19536 0.155735
0.249249 1.24625 1.27043 5.07787 -1.22249 0.158269
0.251251 1.25626 1.2806 5.0754 -1.24912 0.160822
0.253253 1.26627 1.29076 5.07287 -1.27523 0.163396
0.255255 1.27628 1.30091 5.07029 -1.30081 0.16599
0.257257 1.28629 1.31106 5.06766 -1.32584 0.168605
0.259259 1.2963 1.3212 5.06498 -1.35031 0.17124
0.261261 1.30631 1.33134 5.06226 -1.37422 0.173895
0.263263 1.31632 1.34147 5.05948 -1.39754 0.17657
0.265265 1.32633 1.3516 5.05666 -1.42027 0.179266
0.267267 1.33634 1.36172 5.0538 -1.44239 0.181982
0.269269 1.34635 1.37183 5.05089 -1.4639 0.184719
0.271271 1.35636 1.38194 5.04793 -1.48479 0.187475
0.273273 1.36637 1.39204 5.04494 -1.50503 0.190252
0.275275 1.37638 1.40214 5.04191 -1.52463 0.193049
0.277277 1.38639 1.41223 5.03884 -1.54357 0.195866
0.279279 1.3964 1.42232 5.03573 -1.56184 0.198703
0.281281 1.40641 1.43239 5.03258 -1.57944 0.201561
0.283283 1.41642 1.44247 5.02941 -1.59635 0.204439
0.285285 1.42643 1.45253 5.02619 -1.61257 0.207337
0.287287 1.43644 1.46259 5.02295 -1.62808 0.210255
0.289289 1.44645 1.47264 5.01967 -1.64289 0.213193
0.291291 1.45646 1.48269 5.01637 -1.65697 0.216151
0.293293 1.46647 1.49273 5.01304 -1.67033 0.219129
0.295295 1.47648 1.50276 5.00968 -1.68295 0.222128
0.297297 1.48649 1.51279 5.0063 -1.69483 0.225147
0.299299 1.4965 1.52281 5.0029 -1.70597 0.228185
0.301301 1.50651 1.53282 4.99947 -1.71635 0.231244
0.303303 1.51652 1.54283 4.99603 -1.72597 0.234323
0.305305 1.52653 1.55282 4.99256 -1.73482 0.237421
0.307307 1.53654 1.56282 4.98908 -1.74291 0.24054
0.309309 1.54655 1.5728 4.98558 -1.75021 0.243679
0.311311 1.55656 1.58278 4.98207 -1.75674 0.246838
0.313313 1.56657 1.59275 4.97855 -1.76248 0.250016
0.315315 1.57658 1.60271 4.97502 -1.76743 0.253215
0.317317 1.58659 1.61267 4.97147 -1.77158 0.256434
0.319319 1.5966 1.62262 4.96792 -1.77494 0.259672
0.321321 1.60661 1.63256 4.96437 -1.7775 0.262931
0.323323 1.61662 1.6425 4.96081 -1.77925 0.266209
0.325325 1.62663 1.65242 4.95724 -1.7802 0.269507
0.327327 1.63664 1.66234 4.95368 -1.78034 0.272825
0.329329 1.64665 1.67226 4.95012 -1.77966 0.276163
0.331331 1.65666 1.68216 4.94655 -1.77818 0.279521
0.333333 1.66667 1.69206 4.943 -1.77588 0.282898
0.335335 1.67668 1.70196 4.93944 -1.77276 0.286296
0.337337 1.68669 1.71184 4.9359 -1.76883 0.289713
0.339339 1.6967 1.72172 4.93236 -1.76409 0.29315
0.341341 1.70671 1.73159 4.92884 -1.75853 0.296607
0.343343 1.71672 1.74145 4.92532 -1.75215 0.300083
0.345345 1.72673 1.75131 4.92182 -1.74495 0.30358
0.347347 1.73674 1.76116 4.91834 -1.73694 0.307096
0.349349 1.74675 1.771 4.91487 -1.72812 0.310631
0.351351 1.75676 1.78084 4.91142 -1.71849 0.314187
0.353353 1.76677 1.79067 4.90799 -1.70804 0.317762
0.355355 1.77678 1.80049 4.90458 -1.69679 0.321357
0.357357 1.78679 1.81031 4.90119 -1.68473 0.324971
0.359359 1.7968 1.82012 4.89783 -1.67186 0.328605
0.361361 1.80681 1.82992 4.8945 -1.6582 0.332259
0.363363 1.81682 1.83971 4.89119 -1.64374 0.335932
0.365365 1.82683 1.8495 4.88792 -1.62849 0.339625
0.367367 1.83684 1.85929 4.88467 -1.61244 0.343337
0.369369 1.84685 1.86906 4.88146 -1.59562 0.34707
0.371371 1.85686 1.87883 4.87829 -1.57801 0.350821
0.373373 1.86687 1.88859 4.87515 -1.55962 0.354592
0.375375 1.87688 1.89835 4.87204 -1.54046 0.358383
0.377377 1.88689 1.9081 4.86898 -1.52054 0.362193
0.379379 1.8969 1.91785 4.86595 -1.49986 0.366023
0.381381 1.90691 1.92759 4.86297 -1.47843 0.369872
0.383383 1.91692 1.93732 4.86004 -1.45624 0.373741
0.385385 1.92693 1.94704 4.85714 -1.43332 0.37763
0.387387 1.93694 1.95677 4.8543 -1.40966 0.381537
0.389389 1.94695 1.96648 4.8515 -1.38527 0.385464
0.391391 1.95696 1.97619 4.84875 -1.36017 0.389411
0.393393 1.96697 1.9859 4.84605 -1.33435 0.393377
0.395395 1.97698 1.9956 4.84341 -1.30783 0.397363
0.397397 1.98699 2.00529 4.84082 -1.28061 0.401367
0.399399 1.997 2.01498 4.83828 -1.25271 0.405392
0.401401 2.00701 2.02466 4.8358 -1.22413 0.409435
0.403403 2.01702 2.03434 4.83338 -1.19487 0.413498
0.405405 2.02703 2.04401 4.83102 -1.16496 0.417581
0.407407 2.03704 2.05368 4.82872 -1.1344 0.421683
0.409409 2.04705 2.06335 4.82648 -1.1032 0.425804
0.411411 2.05706 2.07301 4.8243 -1.07137 0.429944
0.413413 2.06707 2.08267 4.82219 -1.03891 0.434104
0.415415 2.07708 2.09232 4.82014 -1.00585 0.438283
0.417417 2.08709 2.10197 4.81816 -0.97219 0.442482
0.419419 2.0971 2.11161 4.81625 -0.937942 0.4467
0.421421 2.10711 2.12125 4.8144 -0.903118 0.450937
0.423423 2.11712 2.13089 4.81263 -0.86773 0.455193
0.425425 2.12713 2.14052 4.81093 -0.83179 0.459469
0.427427 2.13714 2.15015 4.8093 -0.795309 0.463764
0.429429 2.14715 2.15978 4.80775 -0.758301 0.468078
0.431431 2.15716 2.1694 4.80627 -0.720777 0.472412
0.433433 2.16717 2.17902 4.80486 -0.682751 0.476764
0.435435 2.17718 2.18864 4.80353 -0.644236 0.481136
0.437437 2.18719 2.19825 4.80228 -0.605244 0.485528
0.439439 2.1972 2.20787 4.80111 -0.56579 0.489938
0.441441 2.20721 2.21748 4.80002 -0.525887 0.494368
0.443443 2.21722 2.22709 4.799 -0.485549 0.498817
0.445445 2.22723 2.23669 4.79807 -0.444791 0.503285
0.447447 2.23724 2.2463 4.79722 -0.403626 0.507773
0.449449 2.24725 2.2559 4.79646 -0.362068 0.512279
0.451451 2.25726 2.2655 4.79577 -0.320134 0.516805
0.453453 2.26727 2.2751 4.79518 -0.277838 0.52135
0.455455 2.27728 2.2847 4.79466 -0.235195 0.525915
0.457457 2.28729 2.2943 4.79423 -0.19222 0.530498
0.459459 2.2973 2.3039 4.79389 -0.148928 0.535101
0.461461 2.30731 2.3135 4.79364 -0.105337 0.539723
0.463463 2.31732 2.32309 4.79347 -0.0614606 0.544364
0.465465 2.32733 2.33269 4.79339 -0.0173161 0.549025
0.467467 2.33734 2.34229 4.7934 0.0270807 0.553705
0.469469 2.34735 2.35188 4.7935 0.0717132 0.558403
0.471471 2.35736 2.36148 4.79369 0.116565 0.563121
0.473473 2.36737 2.37108 4.79397 0.161619 0.567859
0.475475 2.37738 2.38067 4.79434 0.206859 0.572615
0.477477 2.38739 2.39027 4.7948 0.252267 0.577391
0.479479 2.3974 2.39987 4.79535 0.297826 0.582186
0.481481 2.40741 2.40947 4.79599 0.34352 0.587
0.483483 2.41742 2.41908 4.79672 0.38933 0.591833
0.485485 2.42743 2.42868 4.79755 0.435238 0.596686
0.487487 2.43744 2.43828 4.79846 0.481228 0.601558
0.489489 2.44745 2.44789 4.79947 0.52728 0.606449
0.491491 2.45746 2.4575 4.80058 0.573378 0.611359
0.493493 2.46747 2.46711 4.80177 0.619503 0.616289
0.495495 2.47748 2.47673 4.80306 0.665636 0.621238
0.497497 2.48749 2.48635 4.80443 0.711759 0.626206
0.499499 2.4975 2.49597 4.80591 0.757855 0.631193
0.501502 2.50751 2.50559 4.80747 0.803903 0.6362
0.503504 2.51752 2.51521 4.80912 0.849886 0.641225
0.505506 2.52753 2.52484 4.81087 0.895784 0.64627
0.507508 2.53754 2.53448 4.81271 0.941579 0.651335
0.50951 2.54755 2.54411 4.81464 0.987252 0.656419
0.511512 2.55756 2.55376 4.81666 1.03278 0.661522
0.513514 2.56757 2.5634 4.81878 1.07815 0.666644
0.515516 2.57758 2.57305 4.82098 1.12335 0.671785
0.517518 2.58759 2.5827 4.82328 1.16834 0.676946
0.51952 2.5976 2.59236 4.82566 1.21311 0.682127
0.521522 2.60761 2.60203 4.82813 1.25765 0.687326
0.523524 2.61762 2.61169 4.83069 1.30193 0.692545
0.525526 2.62763 2.62137 4.83335 1.34593 0.697783
0.527528 2.63764 2.63105 4.83608 1.38963 0.703041
0.52953 2.64765 2.64073 4.83891 1.43302 0.708318
0.531532 2.65766 2.65042 4.84182 1.47608 0.713615
0.533534 2.66767 2.66012 4.84482 1.51878 0.71893
0.535536 2.67768 2.66982 4.8479 1.5611 0.724266
0.537538 2.68769 2.67953 4.85107 1.60303 0.72962
0.53954 2.6977 2.68924 4.85432 1.64454 0.734995
0.541542 2.70771 2.69897 4.85765 1.68562 0.740388
0.543544 2.71772 2.70869 4.86107 1.72624 0.745801
0.545546 2.72773 2.71843 4.86457 1.76639 0.751234
0.547548 2.73774 2.72817 4.86814 1.80605 0.756686
0.54955 2.74775 2.73792 4.8718 1.84519 0.762157
0.551552 2.75776 2.74768 4.87553 1.8838 0.767648
0.553554 2.76777 2.75744 4.87934 1.92185 0.773159
0.555556 2.77778 2.76722 4.88322 1.95933 0.778689
0.557558 2.78779 2.777 4.88718 1.99622 0.784239
0.55956 2.7978 2.78678 4.89122 2.03249 0.789808
0.561562 2.80781 2.79658 4.89532 2.06813 0.795397
0.563564 2.81782 2.80639 4.8995 2.10312 0.801006
0.565566 2.82783 2.8162 4.90374 2.13744 0.806634
0.567568 2.83784 2.82602 4.90805 2.17106 0.812282
0.56957 2.84785 2.83585 4.91243 2.20398 0.81795
0.571572 2.85786 2.84569 4.91688 2.23616 0.823637
0.573574 2.86787 2.85554 4.92139 2.26759 0.829344
0.575576 2.87788 2.86539 4.92596 2.29826 0.83507
0.577578 2.88789 2.87526 4.93059 2.32813 0.840817
0.57958 2.8979 2.88514 4.93528 2.3572 0.846583
0.581582 2.90791 2.89502 4.94003 2.38543 0.852369
0.583584 2.91792 2.90492 4.94483 2.41282 0.858175
0.585586 2.92793 2.91482 4.94969 2.43935 0.864
0.587588 2.93794 2.92474 4.9546 2.46499 0.869846
0.58959 2.94795 2.93466 4.95956 2.48973 0.875711
0.591592 2.95796 2.94459 4.96456 2.51354 0.881596
0.593594 2.96797 2.95454 4.96962 2.53642 0.887501
0.595596 2.97798 2.96449 4.97472 2.55833 0.893426
0.597598 2.98799 2.97446 4.97986 2.57927 0.899371
0.5996 2.998 2.98443 4.98505 2.59921 0.905336
0.601602 3.00801 2.99442 4.99027 2.61814 0.911321
0.603604 3.01802 3.00441 4.99553 2.63603 0.917325
0.605606 3.02803 3.01442 5.00082 2.65287 0.92335
0.607608 3.03804 3.02444 5.00615 2.66865 0.929395
0.60961 3.04805 3.03446 5.01151 2.68334 0.93546
0.611612 3.05806 3.0445 5.01689 2.69692 0.941545
0.613614 3.06807 3.05455 5.02231 2.70939 0.94765
0.615616 3.07808 3.06461 5.02774 2.72072 0.953776
0.617618 3.08809 3.07468 5.0332 2.73089 0.959921
0.61962 3.0981 3.08476 5.03867 2.73989 0.966087
0.621622 3.10811 3.09486 5.04417 2.7477 0.972272
0.623624 3.11812 3.10496 5.04968 2.75431 0.978478
0.625626 3.12813 3.11508 5.0552 2.75969 0.984705
0.627628 3.13814 3.1252 5.06072 2.76384 0.990951
0.62963 3.14815 3.13534 5.06626 2.76674 0.997218
0.631632 3.15816 3.14549 5.0718 2.76836 1.00351
0.633634 3.16817 3.15565 5.07734 2.7687 1.00981
0.635636 3.17818 3.16582 5.08289 2.76774 1.01614
0.637638 3.18819 3.176 5.08843 2.76546 1.02249
0.63964 3.1982 3.18619 5.09396 2.76185 1.02886
0.641642 3.20821 3.19639 5.09948 2.7569 1.03525
0.643644 3.21822 3.20661 5.105 2.75059 1.04166
0.645646 3.22823 3.21684 5.1105 2.7429 1.04809
0.647648 3.23824 3.22707 5.11598 2.73382 1.05454
0.64965 3.24825 3.23732 5.12144 2.72334 1.06101
0.651652 3.25826 3.24758 5.12688 2.71144 1.0675
0.653654 3.26827 3.25785 5.1323 2.69812 1.07401
0.655656 3.27828 3.26813 5.13768 2.68335 1.08054
0.657658 3.28829 3.27842 5.14304 2.66712 1.0871
0.65966 3.2983 3.28872 5.14836 2.64943 1.09367
0.661662 3.30831 3.29903 5.15365 2.63025 1.10026
0.663664 3.31832 3.30936 5.15889 2.60958 1.10688
0.665666 3.32833 3.31969 5.1641 2.58741 1.11351
0.667668 3.33834 3.33003 5.16925 2.56372 1.12017
0.66967 3.34835 3.34039 5.17436 2.5385 1.12685
0.671672 3.35836 3.35075 5.17942 2.51173 1.13355
0.673674 3.36837 3.36113 5.18442 2.48342 1.14026
0.675676 3.37838 3.37151 5.18936 2.45355 1.147
0.677678 3.38839 3.3819 5.19424 2.4221 1.15376
0.67968 3.3984 3.39231 5.19905 2.38907 1.16054
0.681682 3.40841 3.40272 5.2038 2.35446 1.16735
0.683684 3.41842 3.41314 5.20848 2.31823 1.17417
0.685686 3.42843 3.42358 5.21308 2.2804 1.18101
0.687688 3.43844 3.43402 5.21761 2.24095 1.18788
0.68969 3.44845 3.44447 5.22206 2.19987 1.19476
0.691692 3.45846 3.45493 5.22642 2.15716 1.20167
0.693694 3.46847 3.46539 5.23069 2.1128 1.2086
0.695696 3.47848 3.47587 5.23488 2.06678 1.21554
0.697698 3.48849 3.48635 5.23897 2.01911 1.22251
0.6997 3.4985 3.49685 5.24296 1.96977 1.2295
0.701702 3.50851 3.50735 5.24685 1.91876 1.23651
0.703704 3.51852 3.51785 5.25064 1.86607 1.24355
0.705706 3.52853 3.52837 5.25432 1.81169 1.2506
0.707708 3.53854 3.53889 5.25789 1.75562 1.25767
0.70971 3.54855 3.54942 5.26135 1.69785 1.26477
0.711712 3.55856 3.55996 5.26469 1.63838 1.27189
0.713714 3.56857 3.5705 5.26791 1.5772 1.27902
0.715716 3.57858 3.58105 5.27101 1.51431 1.28618
0.717718 3.58859 3.59161 5.27397 1.4497 1.29336
0.71972 3.5986 3.60217 5.27681 1.38337 1.30056
0.721722 3.60861 3.61274 5.27951 1.31532 1.30779
0.723724 3.61862 3.62331 5.28207 1.24555 1.31503
0.725726 3.62863 3.63388 5.2845 1.17404 1.32229
0.727728 3.63864 3.64447 5.28677 1.1008 1.32958
0.72973 3.64865 3.65505 5.2889 1.02583 1.33689
0.731732 3.65866 3.66564 5.29088 0.949116 1.34421
0.733734 3.66867 3.67624 5.2927 0.870669 1.35156
0.735736 3.67868 3.68684 5.29437 0.790484 1.35893
0.737738 3.68869 3.69744 5.29587 0.70856 1.36633
0.73974 3.6987 3.70804 5.2972 0.624896 1.37374
0.741742 3.70871 3.71865 5.29837 0.539493 1.38117
0.743744 3.71872 3.72925 5.29936 0.45235 1.38863
0.745746 3.72873 3.73986 5.30018 0.363469 1.3961
0.747748 3.73874 3.75048 5.30081 0.272851 1.4036
0.74975 3.74875 3.76109 5.30127 0.180497 1.41112
0.751752 3.75876 3.7717 5.30154 0.0864082 1.41866
0.753754 3.76877 3.78232 5.30161 -0.00941226 1.42622
0.755756 3.77878 3.79293 5.3015 -0.106962 1.43381
0.757758 3.78879 3.80354 5.30118 -0.206239 1.44141
0.75976 3.7988 3.81416 5.30067 -0.307238 1.44904
0.761762 3.80881 3.82477 5.29995 -0.409958 1.45668
0.763764 3.81882 3.83538 5.29903 -0.514393 1.46435
0.765766 3.82883 3.84598 5.29789 -0.620539 1.47204
0.767768 3.83884 3.85659 5.29654 -0.728392 1.47975
0.76977 3.84885 3.86719 5.29497 -0.837946 1.48748
0.771772 3.85886 3.87779 5.29319 -0.949196 1.49523
0.773774 3.86887 3.88839 5.29117 -1.06214 1.50301
0.775776 3.87888 3.89898 5.28893 -1.17676 1.5108
0.777778 3.88889 3.90956 5.28646 -1.29306 1.51862
0.77978 3.8989 3.92014 5.28375 -1.41103 1.52646
0.781782 3.90891 3.93072 5.28081 -1.53067 1.53432
0.783784 3.91892 3.94129 5.27762 -1.65196 1.5422
0.785786 3.92893 3.95185 5.27419 -1.77489 1.5501
0.787788 3.93894 3.9624 5.27052 -1.89947 1.55802
0.78979 3.94895 3.97295 5.26659 -2.02567 1.56596
0.791792 3.95896 3.98349 5.2624 -2.1535 1.57393
0.793794 3.96897 3.99402 5.25796 -2.28293 1.58191
0.795796 3.97898 4.00454 5.25326 -2.41397 1.58992
0.797798 3.98899 4.01506 5.2483 -2.5466 1.59795
0.7998 3.999 4.02556 5.24306 -2.68081 1.60599
0.801802 4.00901 4.03605 5.23756 -2.81659 1.61406
0.803804 4.01902 4.04653 5.23178 -2.95392 1.62215
0.805806 4.02903 4.057 5.22573 -3.0928 1.63027
0.807808 4.03904 4.06745 5.2194 -3.23322 1.6384
0.80981 4.04905 4.0779 5.21279 -3.37515 1.64655
0.811812 4.05906 4.08833 5.20589 -3.51859 1.65473
0.813814 4.06907 4.09874 5.1987 -3.66353 1.66292
0.815816 4.07908 4.10914 5.19122 -3.80995 1.67114
0.817818 4.08909 4.11953 5.18344 -3.95784 1.67938
0.81982 4.0991 4.12989 5.17537 -4.10718 1.68763
0.821822 4.10911 4.14025 5.16699 -4.25796 1.69591
0.823824 4.11912 4.15058 5.15832 -4.41016 1.70421
0.825826 4.12913 4.1609 5.14933 -4.56377 1.71253
0.827828 4.13914 4.1712 5.14004 -4.71877 1.72087
0.82983 4.14915 4.18148 5.13044 -4.87515 1.72923
0.831832 4.15916 4.19174 5.12052 -5.03289 1.73761
0.833834 4.16917 4.20198 5.11029 -5.19197 1.74602
0.835836 4.17918 4.2122 5.09973 -5.35237 1.75444
0.837838 4.18919 4.2224 5.08886 -5.51409 1.76288
0.83984 4.1992 4.23258 5.07765 -5.67709 1.77134
0.841842 4.20921 4.24273 5.06612 -5.84137 1.77983
0.843844 4.21922 4.25286 5.05426 -6.0069 1.78833
0.845846 4.22923 4.26297 5.04207 -6.17366 1.79686
0.847848 4.23924 4.27305 5.02954 -6.34164 1.8054
0.84985 4.24925 4.28311 5.01668 -6.51082 1.81397
0.851852 4.25926 4.29314 5.00347 -6.68117 1.82255
0.853854 4.26927 4.30314 4.98993 -6.85268 1.83116
0.855856 4.27928 4.31312 4.97603 -7.02532 1.83978
0.857858 4.28929 4.32307 4.9618 -7.19908 1.84843
0.85986 4.2993 4.33299 4.94721 -7.37393 1.85709
0.861862 4.30931 4.34288 4.93227 -7.54986 1.86577
0.863864 4.31932 4.35273 4.91698 -7.72683 1.87448
0.865866 4.32933 4.36256 4.90133 -7.90483 1.8832
0.867868 4.33934 4.37236 4.88533 -8.08384 1.89195
0.86987 4.34935 4.38212 4.86896 -8.26384 1.90071
0.871872 4.35936 4.39185 4.85224 -8.44479 1.90949
0.873874 4.36937 4.40155 4.83515 -8.62668 1.9183
0.875876 4.37938 4.41121 4.8177 -8.80948 1.92712
0.877878 4.38939 4.42084 4.79988 -8.99318 1.93596
0.87988 4.3994 4.43043 4.78169 -9.17773 1.94482
0.881882 4.40941 4.43999 4.76313 -9.36313 1.9537
0.883884 4.41942 4.4495 4.7442 -9.54935 1.9626
0.885886 4.42943 4.45898 4.72489 -9.73636 1.97151
0.887888 4.43944 4.46842 4.70521 -9.92413 1.98045
0.88989 4.44945 4.47782 4.68515 -10.1127 1.9894
0.891892 4.45946 4.48718 4.66472 -10.3019 1.99838
0.893894 4.46947 4.4965 4.6439 -10.4918 2.00737
0.895896 4.47948 4.50578 4.62271 -10.6824 2.01638
0.897898 4.48949 4.51501 4.60113 -10.8736 2.02541
0.8999 4.4995 4.5242 4.57917 -11.0654 2.03446
0.901902 4.50951 4.53334 4.55683 -11.2578 2.04353
0.903904 4.51952 4.54244 4.53409 -11.4508 2.05261
0.905906 4.52953 4.5515 4.51098 -11.6443 2.06171
0.907908 4.53954 4.5605 4.48747 -11.8383 2.07084
0.90991 4.54955 4.56946 4.46358 -12.0328 2.07998
0.911912 4.55956 4.57838 4.43929 -12.2277 2.08913
0.913914 4.56957 4.58724 4.41462 -12.423 2.09831
0.915916 4.57958 4.59605 4.38955 -12.6187 2.1075
0.917918 4.58959 4.60481 4.36409 -12.8148 2.11671
0.91992 4.5996 4.61353 4.33824 -13.0112 2.12594
0.921922 4.60961 4.62219 4.31199 -13.2079 2.13518
0.923924 4.61962 4.63079 4.28535 -13.4049 2.14444
0.925926 4.62963 4.63934 4.25832 -13.6021 2.15372
0.927928 4.63964 4.64784 4.23089 -13.7995 2.16302
0.92993 4.64965 4.65628 4.20307 -13.9971 2.17233
0.931932 4.65966 4.66467 4.17485 -14.1949 2.18166
0.933934 4.66967 4.673 4.14623 -14.3928 2.19101
0.935936 4.67968 4.68127 4.11722 -14.5908 2.20037
0.937938 4.68969 4.68948 4.08781 -14.7888 2.20975
0.93994 4.6997 4.69764 4.058 -14.9869 2.21915
0.941942 4.70971 4.70573 4.0278 -15.1849 2.22856
0.943944 4.71972 4.71377 3.9972 -15.383 2.23799
0.945946 4.72973 4.72174 3.96621 -15.581 2.24744
0.947948 4.73974 4.72965 3.93482 -15.7788 2.2569
0.94995 4.74975 4.73749 3.90303 -15.9766 2.26638
0.951952 4.75976 4.74527 3.87085 -16.1742 2.27587
0.953954 4.76977 4.75299 3.83827 -16.3716 2.28538
0.955956 4.77978 4.76064 3.80529 -16.5688 2.2949
0.957958 4.78979 4.76823 3.77193 -16.7658 2.30444
0.95996 4.7998 4.77574 3.73816 -16.9624 2.31399
0.961962 4.80981 4.78319 3.70401 -17.1588 2.32356
0.963964 4.81982 4.79057 3.66946 -17.3548 2.33314
0.965966 4.82983 4.79789 3.63452 -17.5504 2.34274
0.967968 4.83984 4.80513 3.59919 -17.7456 2.35235
0.96997 4.84985 4.8123 3.56347 -17.9404 2.36198
0.971972 4.85986 4.8194 3.52736 -18.1347 2.37162
0.973974 4.86987 4.82642 3.49086 -18.3285 2.38128
0.975976 4.87988 4.83337 3.45397 -18.5218 2.39095
0.977978 4.88989 4.84025 3.41669 -18.7144 2.40063
0.97998 4.8999 4.84705 3.37904 -18.9065 2.41033
0.981982 4.90991 4.85378 3.34099 -19.098 2.42004
0.983984 4.91992 4.86043 3.30257 -19.2888 2.42976
0.985986 4.92993 4.867 3.26376 -19.4789 2.4395
0.987988 4.93994 4.8735 3.22457 -19.6682 2.44925
0.98999 4.94995 4.87991 3.18501 -19.8568 2.45901
0.991992 4.95996 4.88625 3.14507 -20.0446 2.46879
0.993994 4.96997 4.89251 3.10475 -20.2316 2.47858
0.995996 4.97998 4.89868 3.06406 -20.4177 2.48838
0.997998 4.98999 4.90477 3.023 -20.6029 2.49819
1 5 4.91078 2.98157 -20.7872 2.50802
